280.0 1.8228434504792332 0.0
280.5 1.8220447284345047 0.0
281.0 1.8212460063897764 0.0
281.5 1.8204472843450479 0.0
282.0 1.82 0.0
282.5 1.82 0.0
283.0 1.82 0.0
283.5 1.82 0.0
284.0 1.82 0.0
284.5 1.82 0.0
285.0 1.82 0.0
285.5 1.82 0.0
286.0 1.82 0.0
286.5 1.82 0.0
287.0 1.82 0.0
287.5 1.82 0.0
288.0 1.82 0.0
288.5 1.82 0.0
289.0 1.82 0.0
289.5 1.82 0.0
290.0 1.82 0.0
290.5 1.82 0.0
291.0 1.82 0.0
291.5 1.82 0.0
292.0 1.82 0.0
292.5 1.82 0.0
293.0 1.82 0.0
293.5 1.82 0.0
294.0 1.82 0.0
294.5 1.82 0.0
295.0 1.82 0.0
295.5 1.8195833333333333 0.0
296.0 1.818888888888889 0.0
296.5 1.8181944444444444 0.0
297.0 1.8175000000000001 0.0
297.5 1.8168055555555556 0.0
298.0 1.8161111111111112 0.0
298.5 1.8154166666666667 0.0
299.0 1.8147222222222223 0.0
299.5 1.8140277777777778 0.0
300.0 1.8133333333333335 0.0
300.5 1.812638888888889 0.0
301.0 1.8119444444444446 0.0
301.5 1.81125 0.0
302.0 1.8105555555555555 0.0
302.5 1.81 0.0
303.0 1.81 0.0
303.5 1.81 0.0
304.0 1.81 0.0
304.5 1.81 0.0
305.0 1.81 0.0
305.5 1.81 0.0
306.0 1.81 0.0
306.5 1.81 0.0
307.0 1.81 0.0
307.5 1.81 0.0
308.0 1.81 0.0
308.5 1.81 0.0
309.0 1.81 0.0
309.5 1.81 0.0
310.0 1.81 0.0
310.5 1.81 0.0
311.0 1.81 0.0
311.5 1.81 0.0
312.0 1.81 0.0
312.5 1.81 0.0
313.0 1.81 0.0
313.5 1.81 0.0
314.0 1.81 0.0
314.5 1.81 0.0
315.0 1.81 0.0
315.5 1.81 0.0
316.0 1.81 0.0
316.5 1.81 0.0
317.0 1.81 0.0
317.5 1.81 0.0
318.0 1.8098924731182797 0.0
318.5 1.8092951015531662 0.0
319.0 1.8086977299880527 0.0
319.5 1.8081003584229391 0.0
320.0 1.8075029868578256 0.0
320.5 1.806905615292712 0.0
321.0 1.8063082437275986 0.0
321.5 1.805710872162485 0.0
322.0 1.8051135005973715 0.0
322.5 1.804516129032258 0.0
323.0 1.8039187574671447 0.0
323.5 1.8033213859020312 0.0
324.0 1.8027240143369176 0.0
324.5 1.8021266427718041 0.0
325.0 1.8015292712066906 0.0
325.5 1.800931899641577 0.0
326.0 1.8003345280764635 0.0
326.5 1.8 0.0
327.0 1.8 0.0
327.5 1.8 0.0
328.0 1.8 0.0
328.5 1.8 0.0
329.0 1.8 0.0
329.5 1.8 0.0
330.0 1.8 0.0
330.5 1.8 0.0
331.0 1.8 0.0
331.5 1.8 0.0
332.0 1.8 0.0
332.5 1.8 0.0
333.0 1.8 0.0
333.5 1.8 0.0
334.0 1.8 0.0
334.5 1.8 0.0
335.0 1.8 0.0
335.5 1.8 0.0
336.0 1.8 0.0
336.5 1.8 0.0
337.0 1.8 0.0
337.5 1.8 0.0
338.0 1.8 0.0
338.5 1.8 0.0
339.0 1.8 0.0
339.5 1.8 0.0
340.0 1.8 0.0
340.5 1.8 0.0
341.0 1.8 0.0
341.5 1.8 0.0
342.0 1.8 0.0
342.5 1.8 0.0
343.0 1.8 0.0
343.5 1.8 0.0
344.0 1.8 0.0
344.5 1.8 0.0
345.0 1.8 0.0
345.5 1.8 0.0
346.0 1.8 0.0
346.5 1.8 0.0
347.0 1.8 0.0
347.5 1.8 0.0
348.0 1.8 0.0
348.5 1.8 0.0
349.0 1.8 0.0
349.5 1.8 0.0
350.0 1.8 0.0
350.5 1.8 0.0
351.0 1.8 0.0
351.5 1.8 0.0
352.0 1.8 0.0
352.5 1.8 0.0
353.0 1.8 0.0
353.5 1.8 0.0
354.0 1.8 0.0
354.5 1.7997504798464492 0.0
355.0 1.799270633397313 0.0
355.5 1.7987907869481767 0.0
356.0 1.7983109404990403 0.0
356.5 1.797831094049904 0.0
357.0 1.7973512476007678 0.0
357.5 1.7968714011516316 0.0
358.0 1.7963915547024953 0.0
358.5 1.7959117082533589 0.0
359.0 1.7954318618042227 0.0
359.5 1.7949520153550864 0.0
360.0 1.7944721689059502 0.0
360.5 1.793992322456814 0.0
361.0 1.7935124760076775 0.0
361.5 1.7930326295585413 0.0
362.0 1.792552783109405 0.0
362.5 1.7920729366602688 0.0
363.0 1.7915930902111326 0.0
363.5 1.7911132437619963 0.0
364.0 1.7906333973128599 0.0
364.5 1.7901535508637236 0.0
365.0 1.79 0.0
365.5 1.79 0.0
366.0 1.79 0.0
366.5 1.79 0.0
367.0 1.79 0.0
367.5 1.79 0.0
368.0 1.79 0.0
368.5 1.79 0.0
369.0 1.79 0.0
369.5 1.79 0.0
370.0 1.79 0.0
370.5 1.79 0.0
371.0 1.79 0.0
371.5 1.79 0.0
372.0 1.79 0.0
372.5 1.79 0.0
373.0 1.79 0.0
373.5 1.79 0.0
374.0 1.79 0.0
374.5 1.79 0.0
375.0 1.79 0.0
375.5 1.79 0.0
376.0 1.79 0.0
376.5 1.79 0.0
377.0 1.79 0.0
377.5 1.79 0.0
378.0 1.79 0.0
378.5 1.79 0.0
379.0 1.79 0.0
379.5 1.79 0.0
380.0 1.79 0.0
380.5 1.79 0.0
381.0 1.79 0.0
381.5 1.79 0.0
382.0 1.79 0.0
382.5 1.79 0.0
383.0 1.79 0.0
383.5 1.79 0.0
384.0 1.79 0.0
384.5 1.79 0.0
385.0 1.79 0.0
385.5 1.79 0.0
386.0 1.79 0.0
386.5 1.79 0.0
387.0 1.79 0.0
387.5 1.79 0.0
388.0 1.79 0.0
388.5 1.79 0.0
389.0 1.79 0.0
389.5 1.79 0.0
390.0 1.79 0.0
390.5 1.79 0.0
391.0 1.79 0.0
391.5 1.79 0.0
392.0 1.79 0.0
392.5 1.79 0.0
393.0 1.79 0.0
393.5 1.79 0.0
394.0 1.79 0.0
394.5 1.79 0.0
395.0 1.79 0.0
395.5 1.79 0.0
396.0 1.79 0.0
396.5 1.79 0.0
397.0 1.79 0.0
397.5 1.79 0.0
398.0 1.79 0.0
398.5 1.79 0.0
399.0 1.79 0.0
399.5 1.79 0.0
400.0 1.7899624906226557 0.0
400.5 1.7895873968492124 0.0
401.0 1.789212303075769 0.0
401.5 1.7888372093023257 0.0
402.0 1.7884621155288822 0.0
402.5 1.788087021755439 0.0
403.0 1.7877119279819955 0.0
403.5 1.787336834208552 0.0
404.0 1.7869617404351088 0.0
404.5 1.7865866466616653 0.0
405.0 1.786211552888222 0.0
405.5 1.7858364591147786 0.0
406.0 1.7854613653413354 0.0
406.5 1.785086271567892 0.0
407.0 1.7847111777944487 0.0
407.5 1.7843360840210052 0.0
408.0 1.783960990247562 0.0
408.5 1.7835858964741185 0.0
409.0 1.7832108027006752 0.0
409.5 1.7828357089272318 0.0
410.0 1.7824606151537885 0.0
410.5 1.782085521380345 0.0
411.0 1.7817104276069018 0.0
411.5 1.7813353338334583 0.0
412.0 1.780960240060015 0.0
412.5 1.7805851462865716 0.0
413.0 1.7802100525131284 0.0
413.5 1.78 0.0
414.0 1.78 0.0
414.5 1.78 0.0
415.0 1.78 0.0
415.5 1.78 0.0
416.0 1.78 0.0
416.5 1.78 0.0
417.0 1.78 0.0
417.5 1.78 0.0
418.0 1.78 0.0
418.5 1.78 0.0
419.0 1.78 0.0
419.5 1.78 0.0
420.0 1.78 0.0
420.5 1.78 0.0
421.0 1.78 0.0
421.5 1.78 0.0
422.0 1.78 0.0
422.5 1.78 0.0
423.0 1.78 0.0
423.5 1.78 0.0
424.0 1.78 0.0
424.5 1.78 0.0
425.0 1.78 0.0
425.5 1.78 0.0
426.0 1.78 0.0
426.5 1.78 0.0
427.0 1.78 0.0
427.5 1.78 0.0
428.0 1.78 0.0
428.5 1.78 0.0
429.0 1.78 0.0
429.5 1.78 0.0
430.0 1.78 0.0
430.5 1.78 0.0
431.0 1.78 0.0
431.5 1.78 0.0
432.0 1.78 0.0
432.5 1.78 0.0
433.0 1.78 0.0
433.5 1.78 0.0
434.0 1.78 0.0
434.5 1.78 0.0
435.0 1.78 0.0
435.5 1.78 0.0
436.0 1.78 0.0
436.5 1.78 0.0
437.0 1.78 0.0
437.5 1.78 0.0
438.0 1.78 0.0
438.5 1.78 0.0
439.0 1.78 0.0
439.5 1.78 0.0
440.0 1.78 0.0
440.5 1.78 0.0
441.0 1.78 0.0
441.5 1.78 0.0
442.0 1.78 0.0
442.5 1.78 0.0
443.0 1.78 0.0
443.5 1.78 0.0
444.0 1.78 0.0
444.5 1.78 0.0
445.0 1.78 0.0
445.5 1.78 0.0
446.0 1.78 0.0
446.5 1.78 0.0
447.0 1.78 0.0
447.5 1.78 0.0
448.0 1.78 0.0
448.5 1.78 0.0
449.0 1.78 0.0
449.5 1.78 0.0
450.0 1.78 0.0
450.5 1.78 0.0
451.0 1.78 0.0
451.5 1.78 0.0
452.0 1.78 0.0
452.5 1.78 0.0
453.0 1.78 0.0
453.5 1.78 0.0
454.0 1.78 0.0
454.5 1.78 0.0
455.0 1.78 0.0
455.5 1.78 0.0
456.0 1.78 0.0
456.5 1.78 0.0
457.0 1.78 0.0
457.5 1.78 0.0
458.0 1.78 0.0
458.5 1.78 0.0
459.0 1.78 0.0
459.5 1.78 0.0
460.0 1.78 0.0
460.5 1.78 0.0
461.0 1.78 0.0
461.5 1.78 0.0
462.0 1.78 0.0
462.5 1.78 0.0
463.0 1.78 0.0
463.5 1.78 0.0
464.0 1.78 0.0
464.5 1.78 0.0
465.0 1.78 0.0
465.5 1.78 0.0
466.0 1.78 0.0
466.5 1.78 0.0
467.0 1.78 0.0
467.5 1.78 0.0
468.0 1.78 0.0
468.5 1.78 0.0
469.0 1.78 0.0
469.5 1.78 0.0
470.0 1.78 0.0
470.5 1.78 0.0
471.0 1.78 0.0
471.5 1.78 0.0
472.0 1.78 0.0
472.5 1.78 0.0
473.0 1.78 0.0
473.5 1.78 0.0
474.0 1.78 0.0
474.5 1.78 0.0
475.0 1.78 0.0
475.5 1.78 0.0
476.0 1.78 0.0
476.5 1.78 0.0
477.0 1.78 0.0
477.5 1.78 0.0
478.0 1.78 0.0
478.5 1.78 0.0
479.0 1.78 0.0
479.5 1.78 0.0
480.0 1.78 0.0
480.5 1.78 0.0
481.0 1.78 0.0
481.5 1.78 0.0
482.0 1.78 0.0
482.5 1.78 0.0
483.0 1.78 0.0
483.5 1.78 0.0
484.0 1.78 0.0
484.5 1.78 0.0
485.0 1.78 0.0
485.5 1.78 0.0
486.0 1.78 0.0
486.5 1.78 0.0
487.0 1.78 0.0
487.5 1.78 0.0
488.0 1.78 0.0
488.5 1.78 0.0
489.0 1.78 0.0
489.5 1.78 0.0
490.0 1.78 0.0
490.5 1.78 0.0
491.0 1.78 0.0
491.5 1.78 0.0
492.0 1.78 0.0
492.5 1.78 0.0
493.0 1.78 0.0
493.5 1.78 0.0
494.0 1.78 0.0
494.5 1.78 0.0
495.0 1.78 0.0
495.5 1.78 0.0
496.0 1.779970958373669 0.0
496.5 1.77972894482091 0.0
497.0 1.779486931268151 0.0
497.5 1.7792449177153922 0.0
498.0 1.7790029041626332 0.0
498.5 1.7787608906098742 0.0
499.0 1.7785188770571152 0.0
499.5 1.7782768635043562 0.0
500.0 1.7780348499515972 0.0
500.5 1.7777928363988384 0.0
501.0 1.7775508228460795 0.0
501.5 1.7773088092933205 0.0
502.0 1.7770667957405615 0.0
502.5 1.7768247821878025 0.0
503.0 1.7765827686350435 0.0
503.5 1.7763407550822847 0.0
504.0 1.7760987415295257 0.0
504.5 1.7758567279767667 0.0
505.0 1.7756147144240078 0.0
505.5 1.7753727008712488 0.0
506.0 1.7751306873184898 0.0
506.5 1.774888673765731 0.0
507.0 1.774646660212972 0.0
507.5 1.774404646660213 0.0
508.0 1.774162633107454 0.0
508.5 1.773920619554695 0.0
509.0 1.773678606001936 0.0
509.5 1.7734365924491773 0.0
510.0 1.7731945788964183 0.0
510.5 1.7729525653436593 0.0
511.0 1.7727105517909003 0.0
511.5 1.7724685382381413 0.0
512.0 1.7722265246853823 0.0
512.5 1.7719845111326236 0.0
513.0 1.7717424975798646 0.0
513.5 1.7715004840271056 0.0
514.0 1.7712584704743466 0.0
514.5 1.7710164569215876 0.0
515.0 1.7707744433688286 0.0
515.5 1.7705324298160696 0.0
516.0 1.7702904162633109 0.0
516.5 1.7700484027105519 0.0
517.0 1.77 0.0
517.5 1.77 0.0
518.0 1.77 0.0
518.5 1.77 0.0
519.0 1.77 0.0
519.5 1.77 0.0
520.0 1.77 0.0
520.5 1.77 0.0
521.0 1.77 0.0
521.5 1.77 0.0
522.0 1.77 0.0
522.5 1.77 0.0
523.0 1.77 0.0
523.5 1.77 0.0
524.0 1.77 0.0
524.5 1.77 0.0
525.0 1.77 0.0
525.5 1.77 0.0
526.0 1.77 0.0
526.5 1.77 0.0
527.0 1.77 0.0
527.5 1.77 0.0
528.0 1.77 0.0
528.5 1.77 0.0
529.0 1.77 0.0
529.5 1.77 0.0
530.0 1.77 0.0
530.5 1.77 0.0
531.0 1.77 0.0
531.5 1.77 0.0
532.0 1.77 0.0
532.5 1.77 0.0
533.0 1.77 0.0
533.5 1.77 0.0
534.0 1.77 0.0
534.5 1.77 0.0
535.0 1.77 0.0
535.5 1.77 0.0
536.0 1.77 0.0
536.5 1.77 0.0
537.0 1.77 0.0
537.5 1.77 0.0
538.0 1.77 0.0
538.5 1.77 0.0
539.0 1.77 0.0
539.5 1.77 0.0
540.0 1.77 0.0
540.5 1.77 0.0
541.0 1.77 0.0
541.5 1.77 0.0
542.0 1.77 0.0
542.5 1.77 0.0
543.0 1.77 0.0
543.5 1.77 0.0
544.0 1.77 0.0
544.5 1.77 0.0
545.0 1.77 0.0
545.5 1.77 0.0
546.0 1.77 0.0
546.5 1.77 0.0
547.0 1.77 0.0
547.5 1.77 0.0
548.0 1.77 0.0
548.5 1.77 0.0
549.0 1.77 0.0
549.5 1.77 0.0
550.0 1.77 0.0
550.5 1.77 0.0
551.0 1.77 0.0
551.5 1.77 0.0
552.0 1.77 0.0
552.5 1.77 0.0
553.0 1.77 0.0
553.5 1.77 0.0
554.0 1.77 0.0
554.5 1.77 0.0
555.0 1.77 0.0
555.5 1.77 0.0
556.0 1.77 0.0
556.5 1.77 0.0
557.0 1.77 0.0
557.5 1.77 0.0
558.0 1.77 0.0
558.5 1.77 0.0
559.0 1.77 0.0
559.5 1.77 0.0
560.0 1.77 0.0
560.5 1.77 0.0
561.0 1.77 0.0
561.5 1.77 0.0
562.0 1.77 0.0
562.5 1.77 0.0
563.0 1.77 0.0
563.5 1.77 0.0
564.0 1.77 0.0
564.5 1.77 0.0
565.0 1.77 0.0
565.5 1.77 0.0
566.0 1.77 0.0
566.5 1.77 0.0
567.0 1.77 0.0
567.5 1.77 0.0
568.0 1.77 0.0
568.5 1.77 0.0
569.0 1.77 0.0
569.5 1.77 0.0
570.0 1.77 0.0
570.5 1.77 0.0
571.0 1.77 0.0
571.5 1.77 0.0
572.0 1.77 0.0
572.5 1.77 0.0
573.0 1.77 0.0
573.5 1.77 0.0
574.0 1.77 0.0
574.5 1.77 0.0
575.0 1.77 0.0
575.5 1.77 0.0
576.0 1.77 0.0
576.5 1.77 0.0
577.0 1.77 0.0
577.5 1.77 0.0
578.0 1.77 0.0
578.5 1.77 0.0
579.0 1.77 0.0
579.5 1.77 0.0
580.0 1.77 0.0
580.5 1.77 0.0
581.0 1.77 0.0
581.5 1.77 0.0
582.0 1.77 0.0
582.5 1.77 0.0
583.0 1.77 0.0
583.5 1.77 0.0
584.0 1.77 0.0
584.5 1.77 0.0
585.0 1.77 0.0
585.5 1.77 0.0
586.0 1.77 0.0
586.5 1.77 0.0
587.0 1.77 0.0
587.5 1.77 0.0
588.0 1.77 0.0
588.5 1.77 0.0
589.0 1.77 0.0
589.5 1.77 0.0
590.0 1.77 0.0
590.5 1.77 0.0
591.0 1.77 0.0
591.5 1.77 0.0
592.0 1.77 0.0
592.5 1.77 0.0
593.0 1.77 0.0
593.5 1.77 0.0
594.0 1.77 0.0
594.5 1.77 0.0
595.0 1.77 0.0
595.5 1.77 0.0
596.0 1.77 0.0
596.5 1.77 0.0
597.0 1.77 0.0
597.5 1.77 0.0
598.0 1.77 0.0
598.5 1.77 0.0
599.0 1.77 0.0
599.5 1.77 0.0
600.0 1.77 0.0
600.5 1.77 0.0
601.0 1.77 0.0
601.5 1.77 0.0
602.0 1.77 0.0
602.5 1.77 0.0
603.0 1.77 0.0
603.5 1.77 0.0
604.0 1.77 0.0
604.5 1.77 0.0
605.0 1.77 0.0
605.5 1.77 0.0
606.0 1.77 0.0
606.5 1.77 0.0
607.0 1.77 0.0
607.5 1.77 0.0
608.0 1.77 0.0
608.5 1.77 0.0
609.0 1.77 0.0
609.5 1.77 0.0
610.0 1.77 0.0
610.5 1.77 0.0
611.0 1.77 0.0
611.5 1.77 0.0
612.0 1.77 0.0
612.5 1.77 0.0
613.0 1.77 0.0
613.5 1.77 0.0
614.0 1.77 0.0
614.5 1.77 0.0
615.0 1.77 0.0
615.5 1.77 0.0
616.0 1.77 0.0
616.5 1.77 0.0
617.0 1.77 0.0
617.5 1.77 0.0
618.0 1.77 0.0
618.5 1.77 0.0
619.0 1.77 0.0
619.5 1.77 0.0
620.0 1.77 0.0
620.5 1.77 0.0
621.0 1.77 0.0
621.5 1.77 0.0
622.0 1.77 0.0
622.5 1.77 0.0
623.0 1.77 0.0
623.5 1.77 0.0
624.0 1.77 0.0
624.5 1.77 0.0
625.0 1.77 0.0
625.5 1.77 0.0
626.0 1.77 0.0
626.5 1.77 0.0
627.0 1.77 0.0
627.5 1.77 0.0
628.0 1.77 0.0
628.5 1.77 0.0
629.0 1.77 0.0
629.5 1.77 0.0
630.0 1.77 0.0
630.5 1.77 0.0
631.0 1.77 0.0
631.5 1.77 0.0
632.0 1.77 0.0
632.5 1.77 0.0
633.0 1.77 0.0
633.5 1.77 0.0
634.0 1.77 0.0
634.5 1.77 0.0
635.0 1.77 0.0
635.5 1.77 0.0
636.0 1.77 0.0
636.5 1.77 0.0
637.0 1.77 0.0
637.5 1.77 0.0
638.0 1.77 0.0
638.5 1.77 0.0
639.0 1.77 0.0
639.5 1.77 0.0
640.0 1.77 0.0
640.5 1.77 0.0
641.0 1.77 0.0
641.5 1.77 0.0
642.0 1.77 0.0
642.5 1.77 0.0
643.0 1.77 0.0
643.5 1.77 0.0
644.0 1.77 0.0
644.5 1.77 0.0
645.0 1.77 0.0
645.5 1.77 0.0
646.0 1.77 0.0
646.5 1.77 0.0
647.0 1.77 0.0
647.5 1.77 0.0
648.0 1.77 0.0
648.5 1.77 0.0
649.0 1.77 0.0
649.5 1.77 0.0
650.0 1.77 0.0
650.5 1.77 0.0
651.0 1.77 0.0
651.5 1.77 0.0
652.0 1.77 0.0
652.5 1.77 0.0
653.0 1.7698758963044678 0.0
653.5 1.7697380033094319 0.0
654.0 1.7696001103143961 0.0
654.5 1.7694622173193602 0.0
655.0 1.7693243243243244 0.0
655.5 1.7691864313292884 0.0
656.0 1.7690485383342527 0.0
656.5 1.7689106453392167 0.0
657.0 1.768772752344181 0.0
657.5 1.768634859349145 0.0
658.0 1.7684969663541092 0.0
658.5 1.7683590733590733 0.0
659.0 1.7682211803640375 0.0
659.5 1.7680832873690016 0.0
660.0 1.7679453943739658 0.0
660.5 1.76780750137893 0.0
661.0 1.767669608383894 0.0
661.5 1.7675317153888583 0.0
662.0 1.7673938223938224 0.0
662.5 1.7672559293987866 0.0
663.0 1.7671180364037506 0.0
663.5 1.766980143408715 0.0
664.0 1.766842250413679 0.0
664.5 1.7667043574186432 0.0
665.0 1.7665664644236072 0.0
665.5 1.7664285714285715 0.0
666.0 1.7662906784335355 0.0
666.5 1.7661527854384997 0.0
667.0 1.7660148924434638 0.0
667.5 1.765876999448428 0.0
668.0 1.7657391064533923 0.0
668.5 1.7656012134583563 0.0
669.0 1.7654633204633206 0.0
669.5 1.7653254274682846 0.0
670.0 1.7651875344732488 0.0
670.5 1.7650496414782129 0.0
671.0 1.7649117484831771 0.0
671.5 1.7647738554881411 0.0
672.0 1.7646359624931054 0.0
672.5 1.7644980694980694 0.0
673.0 1.7643601765030337 0.0
673.5 1.7642222835079977 0.0
674.0 1.764084390512962 0.0
674.5 1.763946497517926 0.0
675.0 1.7638086045228902 0.0
675.5 1.7636707115278545 0.0
676.0 1.7635328185328185 0.0
676.5 1.7633949255377828 0.0
677.0 1.7632570325427468 0.0
677.5 1.763119139547711 0.0
678.0 1.762981246552675 0.0
678.5 1.7628433535576393 0.0
679.0 1.7627054605626034 0.0
679.5 1.7625675675675676 0.0
680.0 1.7624296745725316 0.0
680.5 1.7622917815774959 0.0
681.0 1.76215388858246 0.0
681.5 1.7620159955874242 0.0
682.0 1.7618781025923882 0.0
682.5 1.7617402095973524 0.0
683.0 1.7616023166023167 0.0
683.5 1.7614644236072807 0.0
684.0 1.761326530612245 0.0
684.5 1.761188637617209 0.0
685.0 1.7610507446221733 0.0
685.5 1.7609128516271373 0.0
686.0 1.7607749586321015 0.0
686.5 1.7606370656370656 0.0
687.0 1.7604991726420298 0.0
687.5 1.7603612796469938 0.0
688.0 1.760223386651958 0.0
688.5 1.7600854936569221 0.0
689.0 1.76 0.0
689.5 1.76 0.0
690.0 1.76 0.0
690.5 1.76 0.0
691.0 1.76 0.0
691.5 1.76 0.0
692.0 1.76 0.0
692.5 1.76 0.0
693.0 1.76 0.0
693.5 1.76 0.0
694.0 1.76 0.0
694.5 1.76 0.0
695.0 1.76 0.0
695.5 1.76 0.0
696.0 1.76 0.0
696.5 1.76 0.0
697.0 1.76 0.0
697.5 1.76 0.0
698.0 1.76 0.0
698.5 1.76 0.0
699.0 1.76 0.0
699.5 1.76 0.0
700.0 1.76 0.0
700.5 1.76 0.0
701.0 1.76 0.0
701.5 1.76 0.0
702.0 1.76 0.0
702.5 1.76 0.0
703.0 1.76 0.0
703.5 1.76 0.0
704.0 1.76 0.0
704.5 1.76 0.0
705.0 1.76 0.0
705.5 1.76 0.0
706.0 1.76 0.0
706.5 1.76 0.0
707.0 1.76 0.0
707.5 1.76 0.0
708.0 1.76 0.0
708.5 1.76 0.0
709.0 1.76 0.0
709.5 1.76 0.0
710.0 1.76 0.0
710.5 1.76 0.0
711.0 1.76 0.0
711.5 1.76 0.0
712.0 1.76 0.0
712.5 1.76 0.0
713.0 1.76 0.0
713.5 1.76 0.0
714.0 1.76 0.0
714.5 1.76 0.0
715.0 1.76 0.0
715.5 1.76 0.0
716.0 1.76 0.0
716.5 1.76 0.0
717.0 1.76 0.0
717.5 1.76 0.0
718.0 1.76 0.0
718.5 1.76 0.0
719.0 1.76 0.0
719.5 1.76 0.0
720.0 1.76 0.0
720.5 1.76 0.0
721.0 1.76 0.0
721.5 1.76 0.0
722.0 1.76 0.0
722.5 1.76 0.0
723.0 1.76 0.0
723.5 1.76 0.0
724.0 1.76 0.0
724.5 1.76 0.0
725.0 1.76 0.0
725.5 1.76 0.0
726.0 1.76 0.0
726.5 1.76 0.0
727.0 1.76 0.0
727.5 1.76 0.0
728.0 1.76 0.0
728.5 1.76 0.0
729.0 1.76 0.0
729.5 1.76 0.0
730.0 1.76 0.0
730.5 1.76 0.0
731.0 1.76 0.0
731.5 1.76 0.0
732.0 1.76 0.0
732.5 1.76 0.0
733.0 1.76 0.0
733.5 1.76 0.0
734.0 1.76 0.0
734.5 1.76 0.0
735.0 1.76 0.0
735.5 1.76 0.0
736.0 1.76 0.0
736.5 1.76 0.0
737.0 1.76 0.0
737.5 1.76 0.0
738.0 1.76 0.0
738.5 1.76 0.0
739.0 1.76 0.0
739.5 1.76 0.0
740.0 1.76 0.0
740.5 1.76 0.0
741.0 1.76 0.0
741.5 1.76 0.0
742.0 1.76 0.0
742.5 1.76 0.0
743.0 1.76 0.0
743.5 1.76 0.0
744.0 1.76 0.0
744.5 1.76 0.0
745.0 1.76 0.0
745.5 1.76 0.0
746.0 1.76 0.0
746.5 1.76 0.0
747.0 1.76 0.0
747.5 1.76 0.0
748.0 1.76 0.0
748.5 1.76 0.0
749.0 1.76 0.0
749.5 1.76 0.0
750.0 1.76 0.0
750.5 1.76 0.0
751.0 1.76 0.0
751.5 1.76 0.0
752.0 1.76 0.0
752.5 1.76 0.0
753.0 1.76 0.0
753.5 1.76 0.0
754.0 1.76 0.0
754.5 1.76 0.0
755.0 1.76 0.0
755.5 1.76 0.0
756.0 1.76 0.0
756.5 1.76 0.0
757.0 1.76 0.0
757.5 1.76 0.0
758.0 1.76 0.0
758.5 1.76 0.0
759.0 1.76 0.0
759.5 1.76 0.0
760.0 1.76 0.0
760.5 1.76 0.0
761.0 1.76 0.0
761.5 1.76 0.0
762.0 1.76 0.0
762.5 1.76 0.0
763.0 1.76 0.0
763.5 1.76 0.0
764.0 1.76 0.0
764.5 1.76 0.0
765.0 1.76 0.0
765.5 1.76 0.0
766.0 1.76 0.0
766.5 1.76 0.0
767.0 1.76 0.0
767.5 1.76 0.0
768.0 1.76 0.0
768.5 1.76 0.0
769.0 1.76 0.0
769.5 1.76 0.0
770.0 1.76 0.0
770.5 1.76 0.0
771.0 1.76 0.0
771.5 1.76 0.0
772.0 1.76 0.0
772.5 1.76 0.0
773.0 1.76 0.0
773.5 1.76 0.0
774.0 1.76 0.0
774.5 1.76 0.0
775.0 1.76 0.0
775.5 1.76 0.0
776.0 1.76 0.0
776.5 1.76 0.0
777.0 1.76 0.0
777.5 1.76 0.0
778.0 1.76 0.0
778.5 1.76 0.0
779.0 1.76 0.0
779.5 1.76 0.0
780.0 1.76 0.0
780.5 1.76 0.0
781.0 1.76 0.0
781.5 1.76 0.0
782.0 1.76 0.0
782.5 1.76 0.0
783.0 1.76 0.0
783.5 1.76 0.0
784.0 1.76 0.0
784.5 1.76 0.0
785.0 1.76 0.0
785.5 1.76 0.0
786.0 1.76 0.0
786.5 1.76 0.0
787.0 1.76 0.0
787.5 1.76 0.0
788.0 1.76 0.0
788.5 1.76 0.0
789.0 1.76 0.0
789.5 1.76 0.0
790.0 1.76 0.0
790.5 1.76 0.0
791.0 1.76 0.0
791.5 1.76 0.0
792.0 1.76 0.0
792.5 1.76 0.0
793.0 1.76 0.0
793.5 1.76 0.0
794.0 1.76 0.0
794.5 1.76 0.0
795.0 1.76 0.0
795.5 1.76 0.0
796.0 1.76 0.0
796.5 1.76 0.0
797.0 1.76 0.0
797.5 1.76 0.0
798.0 1.76 0.0
798.5 1.76 0.0
799.0 1.76 0.0
799.5 1.76 0.0
800.0 1.76 0.0
800.5 1.76 0.0
801.0 1.76 0.0
801.5 1.76 0.0
802.0 1.76 0.0
802.5 1.76 0.0
803.0 1.76 0.0
803.5 1.76 0.0
804.0 1.76 0.0
804.5 1.76 0.0
805.0 1.76 0.0
805.5 1.76 0.0
806.0 1.76 0.0
806.5 1.76 0.0
807.0 1.76 0.0
807.5 1.76 0.0
808.0 1.76 0.0
808.5 1.76 0.0
809.0 1.76 0.0
809.5 1.76 0.0
810.0 1.76 0.0
810.5 1.76 0.0
811.0 1.76 0.0
811.5 1.76 0.0
812.0 1.76 0.0
812.5 1.76 0.0
813.0 1.76 0.0
813.5 1.76 0.0
814.0 1.76 0.0
814.5 1.76 0.0
815.0 1.76 0.0
815.5 1.76 0.0
816.0 1.76 0.0
816.5 1.76 0.0
817.0 1.76 0.0
817.5 1.76 0.0
818.0 1.76 0.0
818.5 1.76 0.0
819.0 1.76 0.0
819.5 1.76 0.0
820.0 1.76 0.0
820.5 1.76 0.0
821.0 1.76 0.0
821.5 1.76 0.0
822.0 1.76 0.0
822.5 1.76 0.0
823.0 1.76 0.0
823.5 1.76 0.0
824.0 1.76 0.0
824.5 1.76 0.0
825.0 1.76 0.0
825.5 1.76 0.0
826.0 1.76 0.0
826.5 1.76 0.0
827.0 1.76 0.0
827.5 1.76 0.0
828.0 1.76 0.0
828.5 1.76 0.0
829.0 1.76 0.0
829.5 1.76 0.0
830.0 1.76 0.0
830.5 1.76 0.0
831.0 1.76 0.0
831.5 1.76 0.0
832.0 1.76 0.0
832.5 1.76 0.0
833.0 1.76 0.0
833.5 1.76 0.0
834.0 1.76 0.0
834.5 1.76 0.0
835.0 1.76 0.0
835.5 1.76 0.0
836.0 1.76 0.0
836.5 1.76 0.0
837.0 1.76 0.0
837.5 1.76 0.0
838.0 1.76 0.0
838.5 1.76 0.0
839.0 1.76 0.0
839.5 1.76 0.0
840.0 1.76 0.0
840.5 1.76 0.0
841.0 1.76 0.0
841.5 1.76 0.0
842.0 1.76 0.0
842.5 1.76 0.0
843.0 1.76 0.0
843.5 1.76 0.0
844.0 1.76 0.0
844.5 1.76 0.0
845.0 1.76 0.0
845.5 1.76 0.0
846.0 1.76 0.0
846.5 1.76 0.0
847.0 1.76 0.0
847.5 1.76 0.0
848.0 1.76 0.0
848.5 1.76 0.0
849.0 1.76 0.0
849.5 1.76 0.0
850.0 1.76 0.0
850.5 1.76 0.0
851.0 1.76 0.0
851.5 1.76 0.0
852.0 1.76 0.0
852.5 1.76 0.0
853.0 1.76 0.0
853.5 1.76 0.0
854.0 1.76 0.0
854.5 1.76 0.0
855.0 1.76 0.0
855.5 1.76 0.0
856.0 1.76 0.0
856.5 1.76 0.0
857.0 1.76 0.0
857.5 1.76 0.0
858.0 1.76 0.0
858.5 1.76 0.0
859.0 1.76 0.0
859.5 1.76 0.0
860.0 1.76 0.0
860.5 1.76 0.0
861.0 1.76 0.0
861.5 1.76 0.0
862.0 1.76 0.0
862.5 1.76 0.0
863.0 1.76 0.0
863.5 1.76 0.0
864.0 1.76 0.0
864.5 1.76 0.0
865.0 1.76 0.0
865.5 1.76 0.0
866.0 1.76 0.0
866.5 1.76 0.0
867.0 1.76 0.0
867.5 1.76 0.0
868.0 1.76 0.0
868.5 1.76 0.0
869.0 1.76 0.0
869.5 1.76 0.0
870.0 1.76 0.0
870.5 1.76 0.0
871.0 1.76 0.0
871.5 1.76 0.0
872.0 1.76 0.0
872.5 1.76 0.0
873.0 1.76 0.0
873.5 1.76 0.0
874.0 1.76 0.0
874.5 1.76 0.0
875.0 1.76 0.0
875.5 1.76 0.0
876.0 1.76 0.0
876.5 1.76 0.0
877.0 1.76 0.0
877.5 1.76 0.0
878.0 1.76 0.0
878.5 1.76 0.0
879.0 1.76 0.0
879.5 1.76 0.0
880.0 1.76 0.0
880.5 1.76 0.0
881.0 1.76 0.0
881.5 1.76 0.0
882.0 1.76 0.0
882.5 1.76 0.0
883.0 1.76 0.0
883.5 1.76 0.0
884.0 1.76 0.0
884.5 1.76 0.0
885.0 1.76 0.0
885.5 1.76 0.0
886.0 1.76 0.0
886.5 1.76 0.0
887.0 1.76 0.0
887.5 1.76 0.0
888.0 1.76 0.0
888.5 1.76 0.0
889.0 1.76 0.0
889.5 1.76 0.0
890.0 1.76 0.0
890.5 1.76 0.0
891.0 1.76 0.0
891.5 1.76 0.0
892.0 1.76 0.0
892.5 1.76 0.0
893.0 1.76 0.0
893.5 1.76 0.0
894.0 1.76 0.0
894.5 1.76 0.0
895.0 1.76 0.0
895.5 1.76 0.0
896.0 1.76 0.0
896.5 1.76 0.0
897.0 1.76 0.0
897.5 1.76 0.0
898.0 1.76 0.0
898.5 1.76 0.0
899.0 1.76 0.0
899.5 1.76 0.0
900.0 1.76 0.0
900.5 1.76 0.0
901.0 1.76 0.0
901.5 1.76 0.0
902.0 1.76 0.0
902.5 1.76 0.0
903.0 1.76 0.0
903.5 1.76 0.0
904.0 1.76 0.0
904.5 1.76 0.0
905.0 1.76 0.0
905.5 1.76 0.0
906.0 1.76 0.0
906.5 1.76 0.0
907.0 1.76 0.0
907.5 1.76 0.0
908.0 1.76 0.0
908.5 1.76 0.0
909.0 1.76 0.0
909.5 1.76 0.0
910.0 1.76 0.0
910.5 1.76 0.0
911.0 1.76 0.0
911.5 1.76 0.0
912.0 1.76 0.0
912.5 1.76 0.0
913.0 1.76 0.0
913.5 1.76 0.0
914.0 1.76 0.0
914.5 1.76 0.0
915.0 1.76 0.0
915.5 1.76 0.0
916.0 1.76 0.0
916.5 1.76 0.0
917.0 1.76 0.0
917.5 1.76 0.0
918.0 1.76 0.0
918.5 1.76 0.0
919.0 1.76 0.0
919.5 1.76 0.0
920.0 1.76 0.0
920.5 1.76 0.0
921.0 1.76 0.0
921.5 1.76 0.0
922.0 1.76 0.0
922.5 1.76 0.0
923.0 1.76 0.0
923.5 1.76 0.0
924.0 1.76 0.0
924.5 1.76 0.0
925.0 1.76 0.0
925.5 1.76 0.0
926.0 1.76 0.0
926.5 1.76 0.0
927.0 1.76 0.0
927.5 1.76 0.0
928.0 1.76 0.0
928.5 1.76 0.0
929.0 1.76 0.0
929.5 1.76 0.0
930.0 1.76 0.0
930.5 1.76 0.0
931.0 1.76 0.0
931.5 1.76 0.0
932.0 1.76 0.0
932.5 1.76 0.0
933.0 1.76 0.0
933.5 1.76 0.0
934.0 1.76 0.0
934.5 1.76 0.0
935.0 1.76 0.0
935.5 1.76 0.0
936.0 1.76 0.0
936.5 1.76 0.0
937.0 1.76 0.0
937.5 1.76 0.0
938.0 1.76 0.0
938.5 1.76 0.0
939.0 1.76 0.0
939.5 1.76 0.0
940.0 1.76 0.0
940.5 1.76 0.0
941.0 1.76 0.0
941.5 1.76 0.0
942.0 1.76 0.0
942.5 1.76 0.0
943.0 1.76 0.0
943.5 1.76 0.0
944.0 1.76 0.0
944.5 1.76 0.0
945.0 1.76 0.0
945.5 1.76 0.0
946.0 1.76 0.0
946.5 1.76 0.0
947.0 1.76 0.0
947.5 1.76 0.0
948.0 1.76 0.0
948.5 1.76 0.0
949.0 1.76 0.0
949.5 1.76 0.0
950.0 1.76 0.0
950.5 1.76 0.0
951.0 1.76 0.0
951.5 1.76 0.0
952.0 1.76 0.0
952.5 1.76 0.0
953.0 1.76 0.0
953.5 1.76 0.0
954.0 1.7599660291897332 0.0
954.5 1.7599031202818318 0.0
955.0 1.7598402113739307 0.0
955.5 1.7597773024660293 0.0
956.0 1.7597143935581279 0.0
956.5 1.7596514846502265 0.0
957.0 1.759588575742325 0.0
957.5 1.7595256668344237 0.0
958.0 1.7594627579265225 0.0
958.5 1.7593998490186211 0.0
959.0 1.7593369401107197 0.0
959.5 1.7592740312028183 0.0
960.0 1.759211122294917 0.0
960.5 1.7591482133870155 0.0
961.0 1.7590853044791142 0.0
961.5 1.759022395571213 0.0
962.0 1.7589594866633116 0.0
962.5 1.7588965777554102 0.0
963.0 1.7588336688475088 0.0
963.5 1.7587707599396074 0.0
964.0 1.758707851031706 0.0
964.5 1.7586449421238048 0.0
965.0 1.7585820332159035 0.0
965.5 1.758519124308002 0.0
966.0 1.7584562154001007 0.0
966.5 1.7583933064921993 0.0
967.0 1.7583303975842979 0.0
967.5 1.7582674886763965 0.0
968.0 1.7582045797684953 0.0
968.5 1.758141670860594 0.0
969.0 1.7580787619526925 0.0
969.5 1.7580158530447911 0.0
970.0 1.7579529441368897 0.0
970.5 1.7578900352289883 0.0
971.0 1.7578271263210872 0.0
971.5 1.7577642174131858 0.0
972.0 1.7577013085052844 0.0
972.5 1.757638399597383 0.0
973.0 1.7575754906894816 0.0
973.5 1.7575125817815802 0.0
974.0 1.7574496728736788 0.0
974.5 1.7573867639657776 0.0
975.0 1.7573238550578762 0.0
975.5 1.7572609461499749 0.0
976.0 1.7571980372420735 0.0
976.5 1.757135128334172 0.0
977.0 1.7570722194262707 0.0
977.5 1.7570093105183695 0.0
978.0 1.7569464016104681 0.0
978.5 1.7568834927025667 0.0
979.0 1.7568205837946653 0.0
979.5 1.756757674886764 0.0
980.0 1.7566947659788625 0.0
980.5 1.7566318570709614 0.0
981.0 1.75656894816306 0.0
981.5 1.7565060392551586 0.0
982.0 1.7564431303472572 0.0
982.5 1.7563802214393558 0.0
983.0 1.7563173125314544 0.0
983.5 1.756254403623553 0.0
984.0 1.7561914947156518 0.0
984.5 1.7561285858077504 0.0
985.0 1.756065676899849 0.0
985.5 1.7560027679919477 0.0
986.0 1.7559398590840463 0.0
986.5 1.7558769501761449 0.0
987.0 1.7558140412682437 0.0
987.5 1.7557511323603423 0.0
988.0 1.755688223452441 0.0
988.5 1.7556253145445395 0.0
989.0 1.7555624056366381 0.0
989.5 1.7554994967287367 0.0
990.0 1.7554365878208353 0.0
990.5 1.7553736789129342 0.0
991.0 1.7553107700050328 0.0
991.5 1.7552478610971314 0.0
992.0 1.75518495218923 0.0
992.5 1.7551220432813286 0.0
993.0 1.7550591343734272 0.0
993.5 1.754996225465526 0.0
994.0 1.7549333165576246 0.0
994.5 1.7548704076497232 0.0
995.0 1.7548074987418218 0.0
995.5 1.7547445898339205 0.0
996.0 1.754681680926019 0.0
996.5 1.7546187720181177 0.0
997.0 1.7545558631102165 0.0
997.5 1.754492954202315 0.0
998.0 1.7544300452944137 0.0
998.5 1.7543671363865123 0.0
999.0 1.754304227478611 0.0
999.5 1.7542413185707095 0.0
1000.0 1.7541784096628084 0.0
1000.5 1.754115500754907 0.0
1001.0 1.7540525918470056 0.0
1001.5 1.7539896829391042 0.0
1002.0 1.7539267740312028 0.0
1002.5 1.7538638651233014 0.0
1003.0 1.7538009562154 0.0
1003.5 1.7537380473074988 0.0
1004.0 1.7536751383995974 0.0
1004.5 1.753612229491696 0.0
1005.0 1.7535493205837946 0.0
1005.5 1.7534864116758933 0.0
1006.0 1.7534235027679919 0.0
1006.5 1.7533605938600907 0.0
1007.0 1.7532976849521893 0.0
1007.5 1.753234776044288 0.0
1008.0 1.7531718671363865 0.0
1008.5 1.7531089582284851 0.0
1009.0 1.7530460493205837 0.0
1009.5 1.7529831404126826 0.0
1010.0 1.7529202315047812 0.0
1010.5 1.7528573225968798 0.0
1011.0 1.7527944136889784 0.0
1011.5 1.752731504781077 0.0
1012.0 1.7526685958731756 0.0
1012.5 1.7526056869652742 0.0
1013.0 1.752542778057373 0.0
1013.5 1.7524798691494716 0.0
1014.0 1.7524169602415702 0.0
1014.5 1.7523540513336688 0.0
1015.0 1.7522911424257674 0.0
1015.5 1.752228233517866 0.0
1016.0 1.7521653246099649 0.0
1016.5 1.7521024157020635 0.0
1017.0 1.752039506794162 0.0
1017.5 1.7519765978862607 0.0
1018.0 1.7519136889783593 0.0
1018.5 1.751850780070458 0.0
1019.0 1.7517878711625565 0.0
1019.5 1.7517249622546553 0.0
1020.0 1.751662053346754 0.0
1020.5 1.7515991444388526 0.0
1021.0 1.7515362355309512 0.0
1021.5 1.7514733266230498 0.0
1022.0 1.7514104177151484 0.0
1022.5 1.7513475088072472 0.0
1023.0 1.7512845998993458 0.0
1023.5 1.7512216909914444 0.0
1024.0 1.751158782083543 0.0
1024.5 1.7510958731756416 0.0
1025.0 1.7510329642677402 0.0
1025.5 1.7509700553598389 0.0
1026.0 1.7509071464519377 0.0
1026.5 1.7508442375440363 0.0
1027.0 1.750781328636135 0.0
1027.5 1.7507184197282335 0.0
1028.0 1.750655510820332 0.0
1028.5 1.7505926019124307 0.0
1029.0 1.7505296930045295 0.0
1029.5 1.7504667840966281 0.0
1030.0 1.7504038751887268 0.0
1030.5 1.7503409662808254 0.0
1031.0 1.750278057372924 0.0
1031.5 1.7502151484650226 0.0
1032.0 1.7501522395571214 0.0
1032.5 1.75008933064922 0.0
1033.0 1.7500264217413186 0.0
1033.5 1.75 0.0
1034.0 1.75 0.0
1034.5 1.75 0.0
1035.0 1.75 0.0
1035.5 1.75 0.0
1036.0 1.75 0.0
1036.5 1.75 0.0
1037.0 1.75 0.0
1037.5 1.75 0.0
1038.0 1.75 0.0
1038.5 1.75 0.0
1039.0 1.75 0.0
1039.5 1.75 0.0
1040.0 1.75 0.0
1040.5 1.75 0.0
1041.0 1.75 0.0
1041.5 1.75 0.0
1042.0 1.75 0.0
1042.5 1.75 0.0
1043.0 1.75 0.0
1043.5 1.75 0.0
1044.0 1.75 0.0
1044.5 1.75 0.0
1045.0 1.75 0.0
1045.5 1.75 0.0
1046.0 1.75 0.0
1046.5 1.75 0.0
1047.0 1.75 0.0
1047.5 1.75 0.0
1048.0 1.75 0.0
1048.5 1.75 0.0
1049.0 1.75 0.0
1049.5 1.75 0.0
1050.0 1.75 0.0
1050.5 1.75 0.0
1051.0 1.75 0.0
1051.5 1.75 0.0
1052.0 1.75 0.0
1052.5 1.75 0.0
1053.0 1.75 0.0
1053.5 1.75 0.0
1054.0 1.75 0.0
1054.5 1.75 0.0
1055.0 1.75 0.0
1055.5 1.75 0.0
1056.0 1.75 0.0
1056.5 1.75 0.0
1057.0 1.75 0.0
1057.5 1.75 0.0
1058.0 1.75 0.0
1058.5 1.75 0.0
1059.0 1.75 0.0
1059.5 1.75 0.0
1060.0 1.75 0.0
1060.5 1.75 0.0
1061.0 1.75 0.0
1061.5 1.75 0.0
1062.0 1.75 0.0
1062.5 1.75 0.0
1063.0 1.75 0.0
1063.5 1.75 0.0
1064.0 1.75 0.0
1064.5 1.75 0.0
1065.0 1.75 0.0
1065.5 1.75 0.0
1066.0 1.75 0.0
1066.5 1.75 0.0
1067.0 1.75 0.0
1067.5 1.75 0.0
1068.0 1.75 0.0
1068.5 1.75 0.0
1069.0 1.75 0.0
1069.5 1.75 0.0
1070.0 1.75 0.0
1070.5 1.75 0.0
1071.0 1.75 0.0
1071.5 1.75 0.0
1072.0 1.75 0.0
1072.5 1.75 0.0
1073.0 1.75 0.0
1073.5 1.75 0.0
1074.0 1.75 0.0
1074.5 1.75 0.0
1075.0 1.75 0.0
1075.5 1.75 0.0
1076.0 1.75 0.0
1076.5 1.75 0.0
1077.0 1.75 0.0
1077.5 1.75 0.0
1078.0 1.75 0.0
1078.5 1.75 0.0
1079.0 1.75 0.0
1079.5 1.75 0.0
1080.0 1.75 0.0
1080.5 1.75 0.0
1081.0 1.75 0.0
1081.5 1.75 0.0
1082.0 1.75 0.0
1082.5 1.75 0.0
1083.0 1.75 0.0
1083.5 1.75 0.0
1084.0 1.75 0.0
1084.5 1.75 0.0
1085.0 1.75 0.0
1085.5 1.75 0.0
1086.0 1.75 0.0
1086.5 1.75 0.0
1087.0 1.75 0.0
1087.5 1.75 0.0
1088.0 1.75 0.0
1088.5 1.75 0.0
1089.0 1.75 0.0
1089.5 1.75 0.0
1090.0 1.75 0.0
1090.5 1.75 0.0
1091.0 1.75 0.0
1091.5 1.75 0.0
1092.0 1.75 0.0
1092.5 1.75 0.0
1093.0 1.75 0.0
1093.5 1.75 0.0
1094.0 1.75 0.0
1094.5 1.75 0.0
1095.0 1.75 0.0
1095.5 1.75 0.0
1096.0 1.75 0.0
1096.5 1.75 0.0
1097.0 1.75 0.0
1097.5 1.75 0.0
1098.0 1.75 0.0
1098.5 1.75 0.0
1099.0 1.75 0.0
1099.5 1.75 0.0
1100.0 1.75 0.0
1100.5 1.75 0.0
1101.0 1.75 0.0
1101.5 1.75 0.0
1102.0 1.75 0.0
1102.5 1.75 0.0
1103.0 1.75 0.0
1103.5 1.75 0.0
1104.0 1.75 0.0
1104.5 1.75 0.0
1105.0 1.75 0.0
1105.5 1.75 0.0
1106.0 1.75 0.0
1106.5 1.75 0.0
1107.0 1.75 0.0
1107.5 1.75 0.0
1108.0 1.75 0.0
1108.5 1.75 0.0
1109.0 1.75 0.0
1109.5 1.75 0.0
1110.0 1.75 0.0
1110.5 1.75 0.0
1111.0 1.75 0.0
1111.5 1.75 0.0
1112.0 1.75 0.0
1112.5 1.75 0.0
1113.0 1.75 0.0
1113.5 1.75 0.0
1114.0 1.75 0.0
1114.5 1.75 0.0
1115.0 1.75 0.0
1115.5 1.75 0.0
1116.0 1.75 0.0
1116.5 1.75 0.0
1117.0 1.75 0.0
1117.5 1.75 0.0
1118.0 1.75 0.0
1118.5 1.75 0.0
1119.0 1.75 0.0
1119.5 1.75 0.0
1120.0 1.75 0.0
1120.5 1.75 0.0
1121.0 1.75 0.0
1121.5 1.75 0.0
1122.0 1.75 0.0
1122.5 1.75 0.0
1123.0 1.75 0.0
1123.5 1.75 0.0
1124.0 1.75 0.0
1124.5 1.75 0.0
1125.0 1.75 0.0
1125.5 1.75 0.0
1126.0 1.75 0.0
1126.5 1.75 0.0
1127.0 1.75 0.0
1127.5 1.75 0.0
1128.0 1.75 0.0
1128.5 1.75 0.0
1129.0 1.75 0.0
1129.5 1.75 0.0
1130.0 1.75 0.0
1130.5 1.75 0.0
1131.0 1.75 0.0
1131.5 1.75 0.0
1132.0 1.75 0.0
1132.5 1.75 0.0
1133.0 1.75 0.0
1133.5 1.75 0.0
1134.0 1.75 0.0
1134.5 1.75 0.0
1135.0 1.75 0.0
1135.5 1.75 0.0
1136.0 1.75 0.0
1136.5 1.75 0.0
1137.0 1.75 0.0
1137.5 1.75 0.0
1138.0 1.75 0.0
1138.5 1.75 0.0
1139.0 1.75 0.0
1139.5 1.75 0.0
1140.0 1.75 0.0
1140.5 1.75 0.0
1141.0 1.75 0.0
1141.5 1.75 0.0
1142.0 1.75 0.0
1142.5 1.75 0.0
1143.0 1.75 0.0
1143.5 1.75 0.0
1144.0 1.75 0.0
1144.5 1.75 0.0
1145.0 1.75 0.0
1145.5 1.75 0.0
1146.0 1.75 0.0
1146.5 1.75 0.0
1147.0 1.75 0.0
1147.5 1.75 0.0
1148.0 1.75 0.0
1148.5 1.75 0.0
1149.0 1.75 0.0
1149.5 1.75 0.0
1150.0 1.75 0.0
1150.5 1.75 0.0
1151.0 1.75 0.0
1151.5 1.75 0.0
1152.0 1.75 0.0
1152.5 1.75 0.0
1153.0 1.75 0.0
1153.5 1.75 0.0
1154.0 1.75 0.0
1154.5 1.75 0.0
1155.0 1.75 0.0
1155.5 1.75 0.0
1156.0 1.75 0.0
1156.5 1.75 0.0
1157.0 1.75 0.0
1157.5 1.75 0.0
1158.0 1.75 0.0
1158.5 1.75 0.0
1159.0 1.75 0.0
1159.5 1.75 0.0
1160.0 1.75 0.0
1160.5 1.75 0.0
1161.0 1.75 0.0
1161.5 1.75 0.0
1162.0 1.75 0.0
1162.5 1.75 0.0
1163.0 1.75 0.0
1163.5 1.75 0.0
1164.0 1.75 0.0
1164.5 1.75 0.0
1165.0 1.75 0.0
1165.5 1.75 0.0
1166.0 1.75 0.0
1166.5 1.75 0.0
1167.0 1.75 0.0
1167.5 1.75 0.0
1168.0 1.75 0.0
1168.5 1.75 0.0
1169.0 1.75 0.0
1169.5 1.75 0.0
1170.0 1.75 0.0
1170.5 1.75 0.0
1171.0 1.75 0.0
1171.5 1.75 0.0
1172.0 1.75 0.0
1172.5 1.75 0.0
1173.0 1.75 0.0
1173.5 1.75 0.0
1174.0 1.75 0.0
1174.5 1.75 0.0
1175.0 1.75 0.0
1175.5 1.75 0.0
1176.0 1.75 0.0
1176.5 1.75 0.0
1177.0 1.75 0.0
1177.5 1.75 0.0
1178.0 1.75 0.0
1178.5 1.75 0.0
1179.0 1.75 0.0
1179.5 1.75 0.0
1180.0 1.75 0.0
1180.5 1.75 0.0
1181.0 1.75 0.0
1181.5 1.75 0.0
1182.0 1.75 0.0
1182.5 1.75 0.0
1183.0 1.75 0.0
1183.5 1.75 0.0
1184.0 1.75 0.0
1184.5 1.75 0.0
1185.0 1.75 0.0
1185.5 1.75 0.0
1186.0 1.75 0.0
1186.5 1.75 0.0
1187.0 1.75 0.0
1187.5 1.75 0.0
1188.0 1.75 0.0
1188.5 1.75 0.0
1189.0 1.75 0.0
1189.5 1.75 0.0
1190.0 1.75 0.0
1190.5 1.75 0.0
1191.0 1.75 0.0
1191.5 1.75 0.0
1192.0 1.75 0.0
1192.5 1.75 0.0
1193.0 1.75 0.0
1193.5 1.75 0.0
1194.0 1.75 0.0
1194.5 1.75 0.0
1195.0 1.75 0.0
1195.5 1.75 0.0
1196.0 1.75 0.0
1196.5 1.75 0.0
1197.0 1.75 0.0
1197.5 1.75 0.0
1198.0 1.75 0.0
1198.5 1.75 0.0
1199.0 1.75 0.0
1199.5 1.75 0.0
1200.0 1.75 0.0
1200.5 1.75 0.0
1201.0 1.75 0.0
1201.5 1.75 0.0
1202.0 1.75 0.0
1202.5 1.75 0.0
1203.0 1.75 0.0
1203.5 1.75 0.0
1204.0 1.75 0.0
1204.5 1.75 0.0
1205.0 1.75 0.0
1205.5 1.75 0.0
1206.0 1.75 0.0
1206.5 1.75 0.0
1207.0 1.75 0.0
1207.5 1.75 0.0
1208.0 1.75 0.0
1208.5 1.75 0.0
1209.0 1.75 0.0
1209.5 1.75 0.0
1210.0 1.75 0.0
1210.5 1.75 0.0
1211.0 1.75 0.0
1211.5 1.75 0.0
1212.0 1.75 0.0
1212.5 1.75 0.0
1213.0 1.75 0.0
1213.5 1.75 0.0
1214.0 1.75 0.0
1214.5 1.75 0.0
1215.0 1.75 0.0
1215.5 1.75 0.0
1216.0 1.75 0.0
1216.5 1.75 0.0
1217.0 1.75 0.0
1217.5 1.75 0.0
1218.0 1.75 0.0
1218.5 1.75 0.0
1219.0 1.75 0.0
1219.5 1.75 0.0
1220.0 1.75 0.0
1220.5 1.75 0.0
1221.0 1.75 0.0
1221.5 1.75 0.0
1222.0 1.75 0.0
1222.5 1.75 0.0
1223.0 1.75 0.0
1223.5 1.75 0.0
1224.0 1.75 0.0
1224.5 1.75 0.0
1225.0 1.75 0.0
1225.5 1.75 0.0
1226.0 1.75 0.0
1226.5 1.75 0.0
1227.0 1.75 0.0
1227.5 1.75 0.0
1228.0 1.75 0.0
1228.5 1.75 0.0
1229.0 1.75 0.0
1229.5 1.75 0.0
1230.0 1.75 0.0
1230.5 1.75 0.0
1231.0 1.75 0.0
1231.5 1.75 0.0
1232.0 1.75 0.0
1232.5 1.75 0.0
1233.0 1.75 0.0
1233.5 1.75 0.0
1234.0 1.75 0.0
1234.5 1.75 0.0
1235.0 1.75 0.0
1235.5 1.75 0.0
1236.0 1.75 0.0
1236.5 1.75 0.0
1237.0 1.75 0.0
1237.5 1.75 0.0
1238.0 1.75 0.0
1238.5 1.75 0.0
1239.0 1.75 0.0
1239.5 1.75 0.0
1240.0 1.75 0.0
1240.5 1.75 0.0
1241.0 1.75 0.0
1241.5 1.75 0.0
1242.0 1.75 0.0
1242.5 1.75 0.0
1243.0 1.75 0.0
1243.5 1.75 0.0
1244.0 1.75 0.0
1244.5 1.75 0.0
1245.0 1.75 0.0
1245.5 1.75 0.0
1246.0 1.75 0.0
1246.5 1.75 0.0
1247.0 1.75 0.0
1247.5 1.75 0.0
1248.0 1.75 0.0
1248.5 1.75 0.0
1249.0 1.75 0.0
1249.5 1.75 0.0
1250.0 1.75 0.0
1250.5 1.75 0.0
1251.0 1.75 0.0
1251.5 1.75 0.0
1252.0 1.75 0.0
1252.5 1.75 0.0
1253.0 1.75 0.0
1253.5 1.75 0.0
1254.0 1.75 0.0
1254.5 1.75 0.0
1255.0 1.75 0.0
1255.5 1.75 0.0
1256.0 1.75 0.0
1256.5 1.75 0.0
1257.0 1.75 0.0
1257.5 1.75 0.0
1258.0 1.75 0.0
1258.5 1.75 0.0
1259.0 1.75 0.0
1259.5 1.75 0.0
1260.0 1.75 0.0
1260.5 1.75 0.0
1261.0 1.75 0.0
1261.5 1.75 0.0
1262.0 1.75 0.0
1262.5 1.75 0.0
1263.0 1.75 0.0
1263.5 1.75 0.0
1264.0 1.75 0.0
1264.5 1.75 0.0
1265.0 1.75 0.0
1265.5 1.75 0.0
1266.0 1.75 0.0
1266.5 1.75 0.0
1267.0 1.75 0.0
1267.5 1.75 0.0
1268.0 1.75 0.0
1268.5 1.75 0.0
1269.0 1.75 0.0
1269.5 1.75 0.0
1270.0 1.75 0.0
1270.5 1.75 0.0
1271.0 1.75 0.0
1271.5 1.75 0.0
1272.0 1.75 0.0
1272.5 1.75 0.0
1273.0 1.75 0.0
1273.5 1.75 0.0
1274.0 1.75 0.0
1274.5 1.75 0.0
1275.0 1.75 0.0
1275.5 1.75 0.0
1276.0 1.75 0.0
1276.5 1.75 0.0
1277.0 1.75 0.0
1277.5 1.75 0.0
1278.0 1.75 0.0
1278.5 1.75 0.0
1279.0 1.75 0.0
1279.5 1.75 0.0
1280.0 1.75 0.0
1280.5 1.75 0.0
1281.0 1.75 0.0
1281.5 1.75 0.0
1282.0 1.75 0.0
1282.5 1.75 0.0
1283.0 1.75 0.0
1283.5 1.75 0.0
1284.0 1.75 0.0
1284.5 1.75 0.0
1285.0 1.75 0.0
1285.5 1.75 0.0
1286.0 1.75 0.0
1286.5 1.75 0.0
1287.0 1.75 0.0
1287.5 1.75 0.0
1288.0 1.75 0.0
1288.5 1.75 0.0
1289.0 1.75 0.0
1289.5 1.75 0.0
1290.0 1.75 0.0
1290.5 1.75 0.0
1291.0 1.75 0.0
1291.5 1.75 0.0
1292.0 1.75 0.0
1292.5 1.75 0.0
1293.0 1.75 0.0
1293.5 1.75 0.0
1294.0 1.75 0.0
1294.5 1.75 0.0
1295.0 1.75 0.0
1295.5 1.75 0.0
1296.0 1.75 0.0
1296.5 1.75 0.0
1297.0 1.75 0.0
1297.5 1.75 0.0
1298.0 1.75 0.0
1298.5 1.75 0.0
1299.0 1.75 0.0
1299.5 1.75 0.0
1300.0 1.75 0.0
1300.5 1.75 0.0
1301.0 1.75 0.0
1301.5 1.75 0.0
1302.0 1.75 0.0
1302.5 1.75 0.0
1303.0 1.75 0.0
1303.5 1.75 0.0
1304.0 1.75 0.0
1304.5 1.75 0.0
1305.0 1.75 0.0
1305.5 1.75 0.0
1306.0 1.75 0.0
1306.5 1.75 0.0
1307.0 1.75 0.0
1307.5 1.75 0.0
1308.0 1.75 0.0
1308.5 1.75 0.0
1309.0 1.75 0.0
1309.5 1.75 0.0
1310.0 1.75 0.0
1310.5 1.75 0.0
1311.0 1.75 0.0
1311.5 1.75 0.0
1312.0 1.75 0.0
1312.5 1.75 0.0
1313.0 1.75 0.0
1313.5 1.75 0.0
1314.0 1.75 0.0
1314.5 1.75 0.0
1315.0 1.75 0.0
1315.5 1.75 0.0
1316.0 1.75 0.0
1316.5 1.75 0.0
1317.0 1.75 0.0
1317.5 1.75 0.0
1318.0 1.75 0.0
1318.5 1.75 0.0
1319.0 1.75 0.0
1319.5 1.75 0.0
1320.0 1.75 0.0
1320.5 1.75 0.0
1321.0 1.75 0.0
1321.5 1.75 0.0
1322.0 1.75 0.0
1322.5 1.75 0.0
1323.0 1.75 0.0
1323.5 1.75 0.0
1324.0 1.75 0.0
1324.5 1.75 0.0
1325.0 1.75 0.0
1325.5 1.75 0.0
1326.0 1.75 0.0
1326.5 1.75 0.0
1327.0 1.75 0.0
1327.5 1.75 0.0
1328.0 1.75 0.0
1328.5 1.75 0.0
1329.0 1.75 0.0
1329.5 1.75 0.0
1330.0 1.75 0.0
1330.5 1.75 0.0
1331.0 1.75 0.0
1331.5 1.75 0.0
1332.0 1.75 0.0
1332.5 1.75 0.0
1333.0 1.75 0.0
1333.5 1.75 0.0
1334.0 1.75 0.0
1334.5 1.75 0.0
1335.0 1.75 0.0
1335.5 1.75 0.0
1336.0 1.75 0.0
1336.5 1.75 0.0
1337.0 1.75 0.0
1337.5 1.75 0.0
1338.0 1.75 0.0
1338.5 1.75 0.0
1339.0 1.75 0.0
1339.5 1.75 0.0
1340.0 1.75 0.0
1340.5 1.75 0.0
1341.0 1.75 0.0
1341.5 1.75 0.0
1342.0 1.75 0.0
1342.5 1.75 0.0
1343.0 1.75 0.0
1343.5 1.75 0.0
1344.0 1.75 0.0
1344.5 1.75 0.0
1345.0 1.75 0.0
1345.5 1.75 0.0
1346.0 1.75 0.0
1346.5 1.75 0.0
1347.0 1.75 0.0
1347.5 1.75 0.0
1348.0 1.75 0.0
1348.5 1.75 0.0
1349.0 1.75 0.0
1349.5 1.75 0.0
1350.0 1.75 0.0
1350.5 1.75 0.0
1351.0 1.75 0.0
1351.5 1.75 0.0
1352.0 1.75 0.0
1352.5 1.75 0.0
1353.0 1.75 0.0
1353.5 1.75 0.0
1354.0 1.75 0.0
1354.5 1.75 0.0
1355.0 1.75 0.0
1355.5 1.75 0.0
1356.0 1.75 0.0
1356.5 1.75 0.0
1357.0 1.75 0.0
1357.5 1.75 0.0
1358.0 1.75 0.0
1358.5 1.75 0.0
1359.0 1.75 0.0
1359.5 1.75 0.0
1360.0 1.75 0.0
1360.5 1.75 0.0
1361.0 1.75 0.0
1361.5 1.75 0.0
1362.0 1.75 0.0
1362.5 1.75 0.0
1363.0 1.75 0.0
1363.5 1.75 0.0
1364.0 1.75 0.0
1364.5 1.75 0.0
1365.0 1.75 0.0
1365.5 1.75 0.0
1366.0 1.75 0.0
1366.5 1.75 0.0
1367.0 1.75 0.0
1367.5 1.75 0.0
1368.0 1.75 0.0
1368.5 1.75 0.0
1369.0 1.75 0.0
1369.5 1.75 0.0
1370.0 1.75 0.0
1370.5 1.75 0.0
1371.0 1.75 0.0
1371.5 1.75 0.0
1372.0 1.75 0.0
1372.5 1.75 0.0
1373.0 1.75 0.0
1373.5 1.75 0.0
1374.0 1.75 0.0
1374.5 1.75 0.0
1375.0 1.75 0.0
1375.5 1.75 0.0
1376.0 1.75 0.0
1376.5 1.75 0.0
1377.0 1.75 0.0
1377.5 1.75 0.0
1378.0 1.75 0.0
1378.5 1.75 0.0
1379.0 1.75 0.0
1379.5 1.75 0.0
1380.0 1.75 0.0
1380.5 1.75 0.0
1381.0 1.75 0.0
1381.5 1.75 0.0
1382.0 1.75 0.0
1382.5 1.75 0.0
1383.0 1.75 0.0
1383.5 1.75 0.0
1384.0 1.75 0.0
1384.5 1.75 0.0
1385.0 1.75 0.0
1385.5 1.75 0.0
1386.0 1.75 0.0
1386.5 1.75 0.0
1387.0 1.75 0.0
1387.5 1.75 0.0
1388.0 1.75 0.0
1388.5 1.75 0.0
1389.0 1.75 0.0
1389.5 1.75 0.0
1390.0 1.75 0.0
1390.5 1.75 0.0
1391.0 1.75 0.0
1391.5 1.75 0.0
1392.0 1.75 0.0
1392.5 1.75 0.0
1393.0 1.75 0.0
1393.5 1.75 0.0
1394.0 1.75 0.0
1394.5 1.75 0.0
1395.0 1.75 0.0
1395.5 1.75 0.0
1396.0 1.75 0.0
1396.5 1.75 0.0
1397.0 1.75 0.0
1397.5 1.75 0.0
1398.0 1.75 0.0
1398.5 1.75 0.0
1399.0 1.75 0.0
1399.5 1.75 0.0
1400.0 1.75 0.0
1400.5 1.75 0.0
1401.0 1.75 0.0
1401.5 1.75 0.0
1402.0 1.75 0.0
1402.5 1.75 0.0
1403.0 1.75 0.0
1403.5 1.75 0.0
1404.0 1.75 0.0
1404.5 1.75 0.0
1405.0 1.75 0.0
1405.5 1.75 0.0
1406.0 1.75 0.0
1406.5 1.75 0.0
1407.0 1.75 0.0
1407.5 1.75 0.0
1408.0 1.75 0.0
1408.5 1.75 0.0
1409.0 1.75 0.0
1409.5 1.75 0.0
1410.0 1.75 0.0
1410.5 1.75 0.0
1411.0 1.75 0.0
1411.5 1.75 0.0
1412.0 1.75 0.0
1412.5 1.75 0.0
1413.0 1.75 0.0
1413.5 1.75 0.0
1414.0 1.75 0.0
1414.5 1.75 0.0
1415.0 1.75 0.0
1415.5 1.75 0.0
1416.0 1.75 0.0
1416.5 1.75 0.0
1417.0 1.75 0.0
1417.5 1.75 0.0
1418.0 1.75 0.0
1418.5 1.75 0.0
1419.0 1.75 0.0
1419.5 1.75 0.0
1420.0 1.75 0.0
1420.5 1.75 0.0
1421.0 1.75 0.0
1421.5 1.75 0.0
1422.0 1.75 0.0
1422.5 1.75 0.0
1423.0 1.75 0.0
1423.5 1.75 0.0
1424.0 1.75 0.0
1424.5 1.75 0.0
1425.0 1.75 0.0
1425.5 1.75 0.0
1426.0 1.75 0.0
1426.5 1.75 0.0
1427.0 1.75 0.0
1427.5 1.75 0.0
1428.0 1.75 0.0
1428.5 1.75 0.0
1429.0 1.75 0.0
1429.5 1.75 0.0
1430.0 1.75 0.0
1430.5 1.75 0.0
1431.0 1.75 0.0
1431.5 1.75 0.0
1432.0 1.75 0.0
1432.5 1.75 0.0
1433.0 1.75 0.0
1433.5 1.75 0.0
1434.0 1.75 0.0
1434.5 1.75 0.0
1435.0 1.75 0.0
1435.5 1.75 0.0
1436.0 1.75 0.0
1436.5 1.75 0.0
1437.0 1.75 0.0
1437.5 1.75 0.0
1438.0 1.75 0.0
1438.5 1.75 0.0
1439.0 1.75 0.0
1439.5 1.75 0.0
1440.0 1.75 0.0
1440.5 1.75 0.0
1441.0 1.75 0.0
1441.5 1.75 0.0
1442.0 1.75 0.0
1442.5 1.75 0.0
1443.0 1.75 0.0
1443.5 1.75 0.0
1444.0 1.75 0.0
1444.5 1.75 0.0
1445.0 1.75 0.0
1445.5 1.75 0.0
1446.0 1.75 0.0
1446.5 1.75 0.0
1447.0 1.75 0.0
1447.5 1.75 0.0
1448.0 1.75 0.0
1448.5 1.75 0.0
1449.0 1.75 0.0
1449.5 1.75 0.0
1450.0 1.75 0.0
1450.5 1.75 0.0
1451.0 1.75 0.0
1451.5 1.75 0.0
1452.0 1.75 0.0
1452.5 1.75 0.0
1453.0 1.75 0.0
1453.5 1.75 0.0
1454.0 1.75 0.0
1454.5 1.75 0.0
1455.0 1.75 0.0
1455.5 1.75 0.0
1456.0 1.75 0.0
1456.5 1.75 0.0
1457.0 1.75 0.0
1457.5 1.75 0.0
1458.0 1.75 0.0
1458.5 1.75 0.0
1459.0 1.75 0.0
1459.5 1.75 0.0
1460.0 1.75 0.0
1460.5 1.75 0.0
1461.0 1.75 0.0
1461.5 1.75 0.0
1462.0 1.75 0.0
1462.5 1.75 0.0
1463.0 1.75 0.0
1463.5 1.75 0.0
1464.0 1.75 0.0
1464.5 1.75 0.0
1465.0 1.75 0.0
1465.5 1.75 0.0
1466.0 1.75 0.0
1466.5 1.75 0.0
1467.0 1.75 0.0
1467.5 1.75 0.0
1468.0 1.75 0.0
1468.5 1.75 0.0
1469.0 1.75 0.0
1469.5 1.75 0.0
1470.0 1.75 0.0
1470.5 1.75 0.0
1471.0 1.75 0.0
1471.5 1.75 0.0
1472.0 1.75 0.0
1472.5 1.75 0.0
1473.0 1.75 0.0
1473.5 1.75 0.0
1474.0 1.75 0.0
1474.5 1.75 0.0
1475.0 1.75 0.0
1475.5 1.75 0.0
1476.0 1.75 0.0
1476.5 1.75 0.0
1477.0 1.75 0.0
1477.5 1.75 0.0
1478.0 1.75 0.0
1478.5 1.75 0.0
1479.0 1.75 0.0
1479.5 1.75 0.0
1480.0 1.75 0.0
1480.5 1.75 0.0
1481.0 1.75 0.0
1481.5 1.75 0.0
1482.0 1.75 0.0
1482.5 1.75 0.0
1483.0 1.75 0.0
1483.5 1.75 0.0
1484.0 1.75 0.0
1484.5 1.75 0.0
1485.0 1.75 0.0
1485.5 1.75 0.0
1486.0 1.75 0.0
1486.5 1.75 0.0
1487.0 1.75 0.0
1487.5 1.75 0.0
1488.0 1.75 0.0
1488.5 1.75 0.0
1489.0 1.75 0.0
1489.5 1.75 0.0
1490.0 1.75 0.0
1490.5 1.75 0.0
1491.0 1.75 0.0
1491.5 1.75 0.0
1492.0 1.75 0.0
1492.5 1.75 0.0
1493.0 1.75 0.0
1493.5 1.75 0.0
1494.0 1.75 0.0
1494.5 1.75 0.0
1495.0 1.75 0.0
1495.5 1.75 0.0
1496.0 1.75 0.0
1496.5 1.75 0.0
1497.0 1.75 0.0
1497.5 1.75 0.0
1498.0 1.75 0.0
1498.5 1.75 0.0
1499.0 1.75 0.0
1499.5 1.75 0.0
1500.0 1.75 0.0
1500.5 1.75 0.0
1501.0 1.75 0.0
1501.5 1.75 0.0
1502.0 1.75 0.0
1502.5 1.75 0.0
1503.0 1.75 0.0
1503.5 1.75 0.0
1504.0 1.75 0.0
1504.5 1.75 0.0
1505.0 1.75 0.0
1505.5 1.75 0.0
1506.0 1.75 0.0
1506.5 1.75 0.0
1507.0 1.75 0.0
1507.5 1.75 0.0
1508.0 1.75 0.0
1508.5 1.75 0.0
1509.0 1.75 0.0
1509.5 1.75 0.0
1510.0 1.75 0.0
1510.5 1.75 0.0
1511.0 1.75 0.0
1511.5 1.75 0.0
1512.0 1.75 0.0
1512.5 1.75 0.0
1513.0 1.75 0.0
1513.5 1.75 0.0
1514.0 1.75 0.0
1514.5 1.75 0.0
1515.0 1.75 0.0
1515.5 1.75 0.0
1516.0 1.75 0.0
1516.5 1.75 0.0
1517.0 1.75 0.0
1517.5 1.75 0.0
1518.0 1.75 0.0
1518.5 1.75 0.0
1519.0 1.75 0.0
1519.5 1.75 0.0
1520.0 1.75 0.0
1520.5 1.75 0.0
1521.0 1.75 0.0
1521.5 1.75 0.0
1522.0 1.75 0.0
1522.5 1.75 0.0
1523.0 1.75 0.0
1523.5 1.75 0.0
1524.0 1.75 0.0
1524.5 1.75 0.0
1525.0 1.75 0.0
1525.5 1.75 0.0
1526.0 1.75 0.0
1526.5 1.75 0.0
1527.0 1.75 0.0
1527.5 1.75 0.0
1528.0 1.75 0.0
1528.5 1.75 0.0
1529.0 1.75 0.0
1529.5 1.75 0.0
1530.0 1.75 0.0
1530.5 1.75 0.0
1531.0 1.75 0.0
1531.5 1.75 0.0
1532.0 1.75 0.0
1532.5 1.75 0.0
1533.0 1.75 0.0
1533.5 1.75 0.0
1534.0 1.75 0.0
1534.5 1.75 0.0
1535.0 1.75 0.0
1535.5 1.75 0.0
1536.0 1.75 0.0
1536.5 1.75 0.0
1537.0 1.75 0.0
1537.5 1.75 0.0
1538.0 1.75 0.0
1538.5 1.75 0.0
1539.0 1.75 0.0
1539.5 1.75 0.0
1540.0 1.75 0.0
1540.5 1.75 0.0
1541.0 1.75 0.0
1541.5 1.75 0.0
1542.0 1.75 0.0
1542.5 1.75 0.0
1543.0 1.75 0.0
1543.5 1.75 0.0
1544.0 1.75 0.0
1544.5 1.75 0.0
1545.0 1.75 0.0
1545.5 1.75 0.0
1546.0 1.75 0.0
1546.5 1.75 0.0
1547.0 1.75 0.0
1547.5 1.75 0.0
1548.0 1.75 0.0
1548.5 1.75 0.0
1549.0 1.75 0.0
1549.5 1.75 0.0
1550.0 1.7499914186351113 0.0
1550.5 1.7499688360959307 0.0
1551.0 1.7499462535567498 0.0
1551.5 1.7499236710175692 0.0
1552.0 1.7499010884783885 0.0
1552.5 1.749878505939208 0.0
1553.0 1.749855923400027 0.0
1553.5 1.7498333408608464 0.0
1554.0 1.7498107583216658 0.0
1554.5 1.749788175782485 0.0
1555.0 1.7497655932433043 0.0
1555.5 1.7497430107041236 0.0
1556.0 1.7497204281649428 0.0
1556.5 1.7496978456257621 0.0
1557.0 1.7496752630865815 0.0
1557.5 1.7496526805474006 0.0
1558.0 1.74963009800822 0.0
1558.5 1.7496075154690394 0.0
1559.0 1.7495849329298587 0.0
1559.5 1.7495623503906779 0.0
1560.0 1.7495397678514972 0.0
1560.5 1.7495171853123166 0.0
1561.0 1.7494946027731357 0.0
1561.5 1.749472020233955 0.0
1562.0 1.7494494376947745 0.0
1562.5 1.7494268551555936 0.0
1563.0 1.749404272616413 0.0
1563.5 1.7493816900772323 0.0
1564.0 1.7493591075380517 0.0
1564.5 1.7493365249988708 0.0
1565.0 1.7493139424596902 0.0
1565.5 1.7492913599205095 0.0
1566.0 1.7492687773813287 0.0
1566.5 1.749246194842148 0.0
1567.0 1.7492236123029674 0.0
1567.5 1.7492010297637866 0.0
1568.0 1.749178447224606 0.0
1568.5 1.7491558646854253 0.0
1569.0 1.7491332821462444 0.0
1569.5 1.7491106996070638 0.0
1570.0 1.7490881170678831 0.0
1570.5 1.7490655345287025 0.0
1571.0 1.7490429519895216 0.0
1571.5 1.749020369450341 0.0
1572.0 1.7489977869111604 0.0
1572.5 1.7489752043719795 0.0
1573.0 1.7489526218327989 0.0
1573.5 1.7489300392936182 0.0
1574.0 1.7489074567544374 0.0
1574.5 1.7488848742152567 0.0
1575.0 1.748862291676076 0.0
1575.5 1.7488397091368955 0.0
1576.0 1.7488171265977146 0.0
1576.5 1.748794544058534 0.0
1577.0 1.7487719615193533 0.0
1577.5 1.7487493789801725 0.0
1578.0 1.7487267964409918 0.0
1578.5 1.7487042139018112 0.0
1579.0 1.7486816313626303 0.0
1579.5 1.7486590488234497 0.0
1580.0 1.748636466284269 0.0
1580.5 1.7486138837450882 0.0
1581.0 1.7485913012059076 0.0
1581.5 1.748568718666727 0.0
1582.0 1.7485461361275463 0.0
1582.5 1.7485235535883654 0.0
1583.0 1.7485009710491848 0.0
1583.5 1.7484783885100041 0.0
1584.0 1.7484558059708233 0.0
1584.5 1.7484332234316426 0.0
1585.0 1.748410640892462 0.0
1585.5 1.7483880583532811 0.0
1586.0 1.7483654758141005 0.0
1586.5 1.7483428932749199 0.0
1587.0 1.748320310735739 0.0
1587.5 1.7482977281965584 0.0
1588.0 1.7482751456573777 0.0
1588.5 1.748252563118197 0.0
1589.0 1.7482299805790162 0.0
1589.5 1.7482073980398356 0.0
1590.0 1.748184815500655 0.0
1590.5 1.748162232961474 0.0
1591.0 1.7481396504222935 0.0
1591.5 1.7481170678831128 0.0
1592.0 1.748094485343932 0.0
1592.5 1.7480719028047513 0.0
1593.0 1.7480493202655707 0.0
1593.5 1.74802673772639 0.0
1594.0 1.7480041551872092 0.0
1594.5 1.7479815726480286 0.0
1595.0 1.747958990108848 0.0
1595.5 1.747936407569667 0.0
1596.0 1.7479138250304864 0.0
1596.5 1.7478912424913058 0.0
1597.0 1.747868659952125 0.0
1597.5 1.7478460774129443 0.0
1598.0 1.7478234948737637 0.0
1598.5 1.7478009123345828 0.0
1599.0 1.7477783297954022 0.0
1599.5 1.7477557472562215 0.0
1600.0 1.7477331647170409 0.0
1600.5 1.74771058217786 0.0
1601.0 1.7476879996386794 0.0
1601.5 1.7476654170994987 0.0
1602.0 1.7476428345603179 0.0
1602.5 1.7476202520211372 0.0
1603.0 1.7475976694819566 0.0
1603.5 1.7475750869427757 0.0
1604.0 1.747552504403595 0.0
1604.5 1.7475299218644145 0.0
1605.0 1.7475073393252338 0.0
1605.5 1.747484756786053 0.0
1606.0 1.7474621742468723 0.0
1606.5 1.7474395917076917 0.0
1607.0 1.7474170091685108 0.0
1607.5 1.7473944266293302 0.0
1608.0 1.7473718440901496 0.0
1608.5 1.7473492615509687 0.0
1609.0 1.747326679011788 0.0
1609.5 1.7473040964726074 0.0
1610.0 1.7472815139334266 0.0
1610.5 1.747258931394246 0.0
1611.0 1.7472363488550653 0.0
1611.5 1.7472137663158847 0.0
1612.0 1.7471911837767038 0.0
1612.5 1.7471686012375232 0.0
1613.0 1.7471460186983425 0.0
1613.5 1.7471234361591617 0.0
1614.0 1.747100853619981 0.0
1614.5 1.7470782710808004 0.0
1615.0 1.7470556885416195 0.0
1615.5 1.7470331060024389 0.0
1616.0 1.7470105234632582 0.0
1616.5 1.7469879409240776 0.0
1617.0 1.7469653583848967 0.0
1617.5 1.7469427758457161 0.0
1618.0 1.7469201933065355 0.0
1618.5 1.7468976107673546 0.0
1619.0 1.746875028228174 0.0
1619.5 1.7468524456889933 0.0
1620.0 1.7468298631498125 0.0
1620.5 1.7468072806106318 0.0
1621.0 1.7467846980714512 0.0
1621.5 1.7467621155322703 0.0
1622.0 1.7467395329930897 0.0
1622.5 1.746716950453909 0.0
1623.0 1.7466943679147284 0.0
1623.5 1.7466717853755476 0.0
1624.0 1.746649202836367 0.0
1624.5 1.7466266202971863 0.0
1625.0 1.7466040377580054 0.0
1625.5 1.7465814552188248 0.0
1626.0 1.7465588726796442 0.0
1626.5 1.7465362901404633 0.0
1627.0 1.7465137076012827 0.0
1627.5 1.746491125062102 0.0
1628.0 1.7464685425229212 0.0
1628.5 1.7464459599837405 0.0
1629.0 1.7464233774445599 0.0
1629.5 1.7464007949053793 0.0
1630.0 1.7463782123661984 0.0
1630.5 1.7463556298270178 0.0
1631.0 1.7463330472878371 0.0
1631.5 1.7463104647486563 0.0
1632.0 1.7462878822094756 0.0
1632.5 1.746265299670295 0.0
1633.0 1.7462427171311141 0.0
1633.5 1.7462201345919335 0.0
1634.0 1.7461975520527528 0.0
1634.5 1.7461749695135722 0.0
1635.0 1.7461523869743913 0.0
1635.5 1.7461298044352107 0.0
1636.0 1.74610722189603 0.0
1636.5 1.7460846393568492 0.0
1637.0 1.7460620568176686 0.0
1637.5 1.746039474278488 0.0
1638.0 1.746016891739307 0.0
1638.5 1.7459943092001264 0.0
1639.0 1.7459717266609458 0.0
1639.5 1.745949144121765 0.0
1640.0 1.7459265615825843 0.0
1640.5 1.7459039790434037 0.0
1641.0 1.745881396504223 0.0
1641.5 1.7458588139650422 0.0
1642.0 1.7458362314258615 0.0
1642.5 1.745813648886681 0.0
1643.0 1.7457910663475 0.0
1643.5 1.7457684838083194 0.0
1644.0 1.7457459012691388 0.0
1644.5 1.745723318729958 0.0
1645.0 1.7457007361907773 0.0
1645.5 1.7456781536515966 0.0
1646.0 1.745655571112416 0.0
1646.5 1.7456329885732351 0.0
1647.0 1.7456104060340545 0.0
1647.5 1.7455878234948738 0.0
1648.0 1.745565240955693 0.0
1648.5 1.7455426584165123 0.0
1649.0 1.7455200758773317 0.0
1649.5 1.7454974933381509 0.0
1650.0 1.7454749107989702 0.0
1650.5 1.7454523282597896 0.0
1651.0 1.7454297457206087 0.0
1651.5 1.745407163181428 0.0
1652.0 1.7453845806422474 0.0
1652.5 1.7453619981030668 0.0
1653.0 1.745339415563886 0.0
1653.5 1.7453168330247053 0.0
1654.0 1.7452942504855247 0.0
1654.5 1.7452716679463438 0.0
1655.0 1.7452490854071632 0.0
1655.5 1.7452265028679825 0.0
1656.0 1.7452039203288017 0.0
1656.5 1.745181337789621 0.0
1657.0 1.7451587552504404 0.0
1657.5 1.7451361727112598 0.0
1658.0 1.745113590172079 0.0
1658.5 1.7450910076328983 0.0
1659.0 1.7450684250937176 0.0
1659.5 1.7450458425545368 0.0
1660.0 1.7450232600153561 0.0
1660.5 1.7450006774761755 0.0
1661.0 1.7449780949369946 0.0
1661.5 1.744955512397814 0.0
1662.0 1.7449329298586334 0.0
1662.5 1.7449103473194525 0.0
1663.0 1.7448877647802719 0.0
1663.5 1.7448651822410912 0.0
1664.0 1.7448425997019106 0.0
1664.5 1.7448200171627297 0.0
1665.0 1.744797434623549 0.0
1665.5 1.7447748520843684 0.0
1666.0 1.7447522695451876 0.0
1666.5 1.744729687006007 0.0
1667.0 1.7447071044668263 0.0
1667.5 1.7446845219276454 0.0
1668.0 1.7446619393884648 0.0
1668.5 1.7446393568492842 0.0
1669.0 1.7446167743101033 0.0
1669.5 1.7445941917709227 0.0
1670.0 1.744571609231742 0.0
1670.5 1.7445490266925614 0.0
1671.0 1.7445264441533805 0.0
1671.5 1.7445038616142 0.0
1672.0 1.7444812790750193 0.0
1672.5 1.7444586965358384 0.0
1673.0 1.7444361139966578 0.0
1673.5 1.7444135314574771 0.0
1674.0 1.7443909489182963 0.0
1674.5 1.7443683663791156 0.0
1675.0 1.744345783839935 0.0
1675.5 1.7443232013007544 0.0
1676.0 1.7443006187615735 0.0
1676.5 1.7442780362223929 0.0
1677.0 1.7442554536832122 0.0
1677.5 1.7442328711440314 0.0
1678.0 1.7442102886048507 0.0
1678.5 1.74418770606567 0.0
1679.0 1.7441651235264892 0.0
1679.5 1.7441425409873086 0.0
1680.0 1.744119958448128 0.0
1680.5 1.744097375908947 0.0
1681.0 1.7440747933697665 0.0
1681.5 1.7440522108305858 0.0
1682.0 1.7440296282914052 0.0
1682.5 1.7440070457522243 0.0
1683.0 1.7439844632130437 0.0
1683.5 1.743961880673863 0.0
1684.0 1.7439392981346822 0.0
1684.5 1.7439167155955015 0.0
1685.0 1.743894133056321 0.0
1685.5 1.74387155051714 0.0
1686.0 1.7438489679779594 0.0
1686.5 1.7438263854387788 0.0
1687.0 1.7438038028995981 0.0
1687.5 1.7437812203604173 0.0
1688.0 1.7437586378212366 0.0
1688.5 1.743736055282056 0.0
1689.0 1.7437134727428751 0.0
1689.5 1.7436908902036945 0.0
1690.0 1.7436683076645139 0.0
1690.5 1.743645725125333 0.0
1691.0 1.7436231425861524 0.0
1691.5 1.7436005600469717 0.0
1692.0 1.7435779775077909 0.0
1692.5 1.7435553949686102 0.0
1693.0 1.7435328124294296 0.0
1693.5 1.743510229890249 0.0
1694.0 1.743487647351068 0.0
1694.5 1.7434650648118875 0.0
1695.0 1.7434424822727068 0.0
1695.5 1.743419899733526 0.0
1696.0 1.7433973171943453 0.0
1696.5 1.7433747346551647 0.0
1697.0 1.7433521521159838 0.0
1697.5 1.7433295695768032 0.0
1698.0 1.7433069870376225 0.0
1698.5 1.743284404498442 0.0
1699.0 1.743261821959261 0.0
1699.5 1.7432392394200804 0.0
1700.0 1.7432166568808998 0.0
1700.5 1.743194074341719 0.0
1701.0 1.7431714918025383 0.0
1701.5 1.7431489092633576 0.0
1702.0 1.7431263267241768 0.0
1702.5 1.7431037441849961 0.0
1703.0 1.7430811616458155 0.0
1703.5 1.7430585791066346 0.0
1704.0 1.743035996567454 0.0
1704.5 1.7430134140282734 0.0
1705.0 1.7429908314890927 0.0
1705.5 1.7429682489499119 0.0
1706.0 1.7429456664107312 0.0
1706.5 1.7429230838715506 0.0
1707.0 1.7429005013323697 0.0
1707.5 1.742877918793189 0.0
1708.0 1.7428553362540085 0.0
1708.5 1.7428327537148276 0.0
1709.0 1.742810171175647 0.0
1709.5 1.7427875886364663 0.0
1710.0 1.7427650060972855 0.0
1710.5 1.7427424235581048 0.0
1711.0 1.7427198410189242 0.0
1711.5 1.7426972584797435 0.0
1712.0 1.7426746759405627 0.0
1712.5 1.742652093401382 0.0
1713.0 1.7426295108622014 0.0
1713.5 1.7426069283230206 0.0
1714.0 1.74258434578384 0.0
1714.5 1.7425617632446593 0.0
1715.0 1.7425391807054784 0.0
1715.5 1.7425165981662978 0.0
1716.0 1.7424940156271171 0.0
1716.5 1.7424714330879365 0.0
1717.0 1.7424488505487556 0.0
1717.5 1.742426268009575 0.0
1718.0 1.7424036854703944 0.0
1718.5 1.7423811029312135 0.0
1719.0 1.7423585203920329 0.0
1719.5 1.7423359378528522 0.0
1720.0 1.7423133553136714 0.0
1720.5 1.7422907727744907 0.0
1721.0 1.74226819023531 0.0
1721.5 1.7422456076961292 0.0
1722.0 1.7422230251569486 0.0
1722.5 1.742200442617768 0.0
1723.0 1.7421778600785873 0.0
1723.5 1.7421552775394065 0.0
1724.0 1.7421326950002258 0.0
1724.5 1.7421101124610452 0.0
1725.0 1.7420875299218643 0.0
1725.5 1.7420649473826837 0.0
1726.0 1.742042364843503 0.0
1726.5 1.7420197823043222 0.0
1727.0 1.7419971997651416 0.0
1727.5 1.741974617225961 0.0
1728.0 1.7419520346867803 0.0
1728.5 1.7419294521475994 0.0
1729.0 1.7419068696084188 0.0
1729.5 1.7418842870692381 0.0
1730.0 1.7418617045300573 0.0
1730.5 1.7418391219908766 0.0
1731.0 1.741816539451696 0.0
1731.5 1.7417939569125152 0.0
1732.0 1.7417713743733345 0.0
1732.5 1.7417487918341539 0.0
1733.0 1.741726209294973 0.0
1733.5 1.7417036267557924 0.0
1734.0 1.7416810442166117 0.0
1734.5 1.741658461677431 0.0
1735.0 1.7416358791382502 0.0
1735.5 1.7416132965990696 0.0
1736.0 1.741590714059889 0.0
1736.5 1.741568131520708 0.0
1737.0 1.7415455489815275 0.0
1737.5 1.7415229664423468 0.0
1738.0 1.741500383903166 0.0
1738.5 1.7414778013639853 0.0
1739.0 1.7414552188248047 0.0
1739.5 1.741432636285624 0.0
1740.0 1.7414100537464432 0.0
1740.5 1.7413874712072626 0.0
1741.0 1.741364888668082 0.0
1741.5 1.741342306128901 0.0
1742.0 1.7413197235897204 0.0
1742.5 1.7412971410505398 0.0
1743.0 1.741274558511359 0.0
1743.5 1.7412519759721783 0.0
1744.0 1.7412293934329977 0.0
1744.5 1.7412068108938168 0.0
1745.0 1.7411842283546362 0.0
1745.5 1.7411616458154555 0.0
1746.0 1.7411390632762749 0.0
1746.5 1.741116480737094 0.0
1747.0 1.7410938981979134 0.0
1747.5 1.7410713156587327 0.0
1748.0 1.7410487331195519 0.0
1748.5 1.7410261505803712 0.0
1749.0 1.7410035680411906 0.0
1749.5 1.7409809855020097 0.0
1750.0 1.740958402962829 0.0
1750.5 1.7409358204236485 0.0
1751.0 1.7409132378844676 0.0
1751.5 1.740890655345287 0.0
1752.0 1.7408680728061063 0.0
1752.5 1.7408454902669257 0.0
1753.0 1.7408229077277448 0.0
1753.5 1.7408003251885642 0.0
1754.0 1.7407777426493836 0.0
1754.5 1.7407551601102027 0.0
1755.0 1.740732577571022 0.0
1755.5 1.7407099950318414 0.0
1756.0 1.7406874124926606 0.0
1756.5 1.74066482995348 0.0
1757.0 1.7406422474142993 0.0
1757.5 1.7406196648751187 0.0
1758.0 1.7405970823359378 0.0
1758.5 1.7405744997967572 0.0
1759.0 1.7405519172575765 0.0
1759.5 1.7405293347183957 0.0
1760.0 1.740506752179215 0.0
1760.5 1.7404841696400344 0.0
1761.0 1.7404615871008535 0.0
1761.5 1.7404390045616729 0.0
1762.0 1.7404164220224922 0.0
1762.5 1.7403938394833114 0.0
1763.0 1.7403712569441308 0.0
1763.5 1.7403486744049501 0.0
1764.0 1.7403260918657695 0.0
1764.5 1.7403035093265886 0.0
1765.0 1.740280926787408 0.0
1765.5 1.7402583442482273 0.0
1766.0 1.7402357617090465 0.0
1766.5 1.7402131791698658 0.0
1767.0 1.7401905966306852 0.0
1767.5 1.7401680140915043 0.0
1768.0 1.7401454315523237 0.0
1768.5 1.740122849013143 0.0
1769.0 1.7401002664739624 0.0
1769.5 1.7400776839347816 0.0
1770.0 1.740055101395601 0.0
1770.5 1.7400325188564203 0.0
1771.0 1.7400099363172394 0.0
1771.5 1.74 0.0
1772.0 1.74 0.0
1772.5 1.74 0.0
1773.0 1.74 0.0
1773.5 1.74 0.0
1774.0 1.74 0.0
1774.5 1.74 0.0
1775.0 1.74 0.0
1775.5 1.74 0.0
1776.0 1.74 0.0
1776.5 1.74 0.0
1777.0 1.74 0.0
1777.5 1.74 0.0
1778.0 1.74 0.0
1778.5 1.74 0.0
1779.0 1.74 0.0
1779.5 1.74 0.0
1780.0 1.74 0.0
1780.5 1.74 0.0
1781.0 1.74 0.0
1781.5 1.74 0.0
1782.0 1.74 0.0
1782.5 1.74 0.0
1783.0 1.74 0.0
1783.5 1.74 0.0
1784.0 1.74 0.0
1784.5 1.74 0.0
1785.0 1.74 0.0
1785.5 1.74 0.0
1786.0 1.74 0.0
1786.5 1.74 0.0
1787.0 1.74 0.0
1787.5 1.74 0.0
1788.0 1.74 0.0
1788.5 1.74 0.0
1789.0 1.74 0.0
1789.5 1.74 0.0
1790.0 1.74 0.0
1790.5 1.74 0.0
1791.0 1.74 0.0
1791.5 1.74 0.0
1792.0 1.74 0.0
1792.5 1.74 0.0
1793.0 1.74 0.0
1793.5 1.74 0.0
1794.0 1.74 0.0
1794.5 1.74 0.0
1795.0 1.74 0.0
1795.5 1.74 0.0
1796.0 1.74 0.0
1796.5 1.74 0.0
1797.0 1.74 0.0
1797.5 1.74 0.0
1798.0 1.74 0.0
1798.5 1.74 0.0
1799.0 1.74 0.0
1799.5 1.74 0.0
1800.0 1.74 0.0
1800.5 1.74 0.0
1801.0 1.74 0.0
1801.5 1.74 0.0
1802.0 1.74 0.0
1802.5 1.74 0.0
1803.0 1.74 0.0
1803.5 1.74 0.0
1804.0 1.74 0.0
1804.5 1.74 0.0
1805.0 1.74 0.0
1805.5 1.74 0.0
1806.0 1.74 0.0
1806.5 1.74 0.0
1807.0 1.74 0.0
1807.5 1.74 0.0
1808.0 1.74 0.0
1808.5 1.74 0.0
1809.0 1.74 0.0
1809.5 1.74 0.0
1810.0 1.74 0.0
1810.5 1.74 0.0
1811.0 1.74 0.0
1811.5 1.74 0.0
1812.0 1.74 0.0
1812.5 1.74 0.0
1813.0 1.74 0.0
1813.5 1.74 0.0
1814.0 1.74 0.0
1814.5 1.74 0.0
1815.0 1.74 0.0
1815.5 1.74 0.0
1816.0 1.74 0.0
1816.5 1.74 0.0
1817.0 1.74 0.0
1817.5 1.74 0.0
1818.0 1.74 0.0
1818.5 1.74 0.0
1819.0 1.74 0.0
1819.5 1.74 0.0
1820.0 1.74 0.0
1820.5 1.74 0.0
1821.0 1.74 0.0
1821.5 1.74 0.0
1822.0 1.74 0.0
1822.5 1.74 0.0
1823.0 1.74 0.0
1823.5 1.74 0.0
1824.0 1.74 0.0
1824.5 1.74 0.0
1825.0 1.74 0.0
1825.5 1.74 0.0
1826.0 1.74 0.0
1826.5 1.74 0.0
1827.0 1.74 0.0
1827.5 1.74 0.0
1828.0 1.74 0.0
1828.5 1.74 0.0
1829.0 1.74 0.0
1829.5 1.74 0.0
1830.0 1.74 0.0
1830.5 1.74 0.0
1831.0 1.74 0.0
1831.5 1.74 0.0
1832.0 1.74 0.0
1832.5 1.74 0.0
1833.0 1.74 0.0
1833.5 1.74 0.0
1834.0 1.74 0.0
1834.5 1.74 0.0
1835.0 1.74 0.0
1835.5 1.74 0.0
1836.0 1.74 0.0
1836.5 1.74 0.0
1837.0 1.74 0.0
1837.5 1.74 0.0
1838.0 1.74 0.0
1838.5 1.74 0.0
1839.0 1.74 0.0
1839.5 1.74 0.0
1840.0 1.74 0.0
1840.5 1.74 0.0
1841.0 1.74 0.0
1841.5 1.74 0.0
1842.0 1.74 0.0
1842.5 1.74 0.0
1843.0 1.74 0.0
1843.5 1.74 0.0
1844.0 1.74 0.0
1844.5 1.74 0.0
1845.0 1.74 0.0
1845.5 1.74 0.0
1846.0 1.74 0.0
1846.5 1.74 0.0
1847.0 1.74 0.0
1847.5 1.74 0.0
1848.0 1.74 0.0
1848.5 1.74 0.0
1849.0 1.74 0.0
1849.5 1.74 0.0
1850.0 1.74 0.0
1850.5 1.74 0.0
1851.0 1.74 0.0
1851.5 1.74 0.0
1852.0 1.74 0.0
1852.5 1.74 0.0
1853.0 1.74 0.0
1853.5 1.74 0.0
1854.0 1.74 0.0
1854.5 1.74 0.0
1855.0 1.74 0.0
1855.5 1.74 0.0
1856.0 1.74 0.0
1856.5 1.74 0.0
1857.0 1.74 0.0
1857.5 1.74 0.0
1858.0 1.74 0.0
1858.5 1.74 0.0
1859.0 1.74 0.0
1859.5 1.74 0.0
1860.0 1.74 0.0
1860.5 1.74 0.0
1861.0 1.74 0.0
1861.5 1.74 0.0
1862.0 1.74 0.0
1862.5 1.74 0.0
1863.0 1.74 0.0
1863.5 1.74 0.0
1864.0 1.74 0.0
1864.5 1.74 0.0
1865.0 1.74 0.0
1865.5 1.74 0.0
1866.0 1.74 0.0
1866.5 1.74 0.0
1867.0 1.74 0.0
1867.5 1.74 0.0
1868.0 1.74 0.0
1868.5 1.74 0.0
1869.0 1.74 0.0
1869.5 1.74 0.0
1870.0 1.74 0.0
1870.5 1.74 0.0
1871.0 1.74 0.0
1871.5 1.74 0.0
1872.0 1.74 0.0
1872.5 1.74 0.0
1873.0 1.74 0.0
1873.5 1.74 0.0
1874.0 1.74 0.0
1874.5 1.74 0.0
1875.0 1.74 0.0
1875.5 1.74 0.0
1876.0 1.74 0.0
1876.5 1.74 0.0
1877.0 1.74 0.0
1877.5 1.74 0.0
1878.0 1.74 0.0
1878.5 1.74 0.0
1879.0 1.74 0.0
1879.5 1.74 0.0
1880.0 1.74 0.0
1880.5 1.74 0.0
1881.0 1.74 0.0
1881.5 1.74 0.0
1882.0 1.74 0.0
1882.5 1.74 0.0
1883.0 1.74 0.0
1883.5 1.74 0.0
1884.0 1.74 0.0
1884.5 1.74 0.0
1885.0 1.74 0.0
1885.5 1.74 0.0
1886.0 1.74 0.0
1886.5 1.74 0.0
1887.0 1.74 0.0
1887.5 1.74 0.0
1888.0 1.74 0.0
1888.5 1.74 0.0
1889.0 1.74 0.0
1889.5 1.74 0.0
1890.0 1.74 0.0
1890.5 1.74 0.0
1891.0 1.74 0.0
1891.5 1.74 0.0
1892.0 1.74 0.0
1892.5 1.74 0.0
1893.0 1.74 0.0
1893.5 1.74 0.0
1894.0 1.74 0.0
1894.5 1.74 0.0
1895.0 1.74 0.0
1895.5 1.74 0.0
1896.0 1.74 0.0
1896.5 1.74 0.0
1897.0 1.74 0.0
1897.5 1.74 0.0
1898.0 1.74 0.0
1898.5 1.74 0.0
1899.0 1.74 0.0
1899.5 1.74 0.0
1900.0 1.74 0.0
1900.5 1.74 0.0
1901.0 1.74 0.0
1901.5 1.74 0.0
1902.0 1.74 0.0
1902.5 1.74 0.0
1903.0 1.74 0.0
1903.5 1.74 0.0
1904.0 1.74 0.0
1904.5 1.74 0.0
1905.0 1.74 0.0
1905.5 1.74 0.0
1906.0 1.74 0.0
1906.5 1.74 0.0
1907.0 1.74 0.0
1907.5 1.74 0.0
1908.0 1.74 0.0
1908.5 1.74 0.0
1909.0 1.74 0.0
1909.5 1.74 0.0
1910.0 1.74 0.0
1910.5 1.74 0.0
1911.0 1.74 0.0
1911.5 1.74 0.0
1912.0 1.74 0.0
1912.5 1.74 0.0
1913.0 1.74 0.0
1913.5 1.74 0.0
1914.0 1.74 0.0
1914.5 1.74 0.0
1915.0 1.74 0.0
1915.5 1.74 0.0
1916.0 1.74 0.0
1916.5 1.74 0.0
1917.0 1.74 0.0
1917.5 1.74 0.0
1918.0 1.74 0.0
1918.5 1.74 0.0
1919.0 1.74 0.0
1919.5 1.74 0.0
1920.0 1.74 0.0
1920.5 1.74 0.0
1921.0 1.74 0.0
1921.5 1.74 0.0
1922.0 1.74 0.0
1922.5 1.74 0.0
1923.0 1.74 0.0
1923.5 1.74 0.0
1924.0 1.74 0.0
1924.5 1.74 0.0
1925.0 1.74 0.0
1925.5 1.74 0.0
1926.0 1.74 0.0
1926.5 1.74 0.0
1927.0 1.74 0.0
1927.5 1.74 0.0
1928.0 1.74 0.0
1928.5 1.74 0.0
1929.0 1.74 0.0
1929.5 1.74 0.0
1930.0 1.74 0.0
1930.5 1.74 0.0
1931.0 1.74 0.0
1931.5 1.74 0.0
1932.0 1.74 0.0
1932.5 1.74 0.0
1933.0 1.74 0.0
1933.5 1.74 0.0
1934.0 1.74 0.0
1934.5 1.74 0.0
1935.0 1.74 0.0
1935.5 1.74 0.0
1936.0 1.74 0.0
1936.5 1.74 0.0
1937.0 1.74 0.0
1937.5 1.74 0.0
1938.0 1.74 0.0
1938.5 1.74 0.0
1939.0 1.74 0.0
1939.5 1.74 0.0
1940.0 1.74 0.0
1940.5 1.74 0.0
1941.0 1.74 0.0
1941.5 1.74 0.0
1942.0 1.74 0.0
1942.5 1.74 0.0
1943.0 1.74 0.0
1943.5 1.74 0.0
1944.0 1.74 0.0
1944.5 1.74 0.0
1945.0 1.74 0.0
1945.5 1.74 0.0
1946.0 1.74 0.0
1946.5 1.74 0.0
1947.0 1.74 0.0
1947.5 1.74 0.0
1948.0 1.74 0.0
1948.5 1.74 0.0
1949.0 1.74 0.0
1949.5 1.74 0.0
1950.0 1.74 0.0
1950.5 1.74 0.0
1951.0 1.74 0.0
1951.5 1.74 0.0
1952.0 1.74 0.0
1952.5 1.74 0.0
1953.0 1.74 0.0
1953.5 1.74 0.0
1954.0 1.74 0.0
1954.5 1.74 0.0
1955.0 1.74 0.0
1955.5 1.74 0.0
1956.0 1.74 0.0
1956.5 1.74 0.0
1957.0 1.74 0.0
1957.5 1.74 0.0
1958.0 1.74 0.0
1958.5 1.74 0.0
1959.0 1.74 0.0
1959.5 1.74 0.0
1960.0 1.74 0.0
1960.5 1.74 0.0
1961.0 1.74 0.0
1961.5 1.74 0.0
1962.0 1.74 0.0
1962.5 1.74 0.0
1963.0 1.74 0.0
1963.5 1.74 0.0
1964.0 1.74 0.0
1964.5 1.74 0.0
1965.0 1.74 0.0
1965.5 1.74 0.0
1966.0 1.74 0.0
1966.5 1.74 0.0
1967.0 1.74 0.0
1967.5 1.74 0.0
1968.0 1.74 0.0
1968.5 1.74 0.0
1969.0 1.74 0.0
1969.5 1.74 0.0
1970.0 1.74 0.0
1970.5 1.74 0.0
1971.0 1.74 0.0
1971.5 1.74 0.0
1972.0 1.74 0.0
1972.5 1.74 0.0
1973.0 1.74 0.0
1973.5 1.74 0.0
1974.0 1.74 0.0
1974.5 1.74 0.0
1975.0 1.74 0.0
1975.5 1.74 0.0
1976.0 1.74 0.0
1976.5 1.74 0.0
1977.0 1.74 0.0
1977.5 1.74 0.0
1978.0 1.74 0.0
1978.5 1.74 0.0
1979.0 1.74 0.0
1979.5 1.74 0.0
1980.0 1.74 0.0
1980.5 1.74 0.0
1981.0 1.74 0.0
1981.5 1.74 0.0
1982.0 1.74 0.0
1982.5 1.74 0.0
1983.0 1.74 0.0
1983.5 1.74 0.0
1984.0 1.74 0.0
1984.5 1.74 0.0
1985.0 1.74 0.0
1985.5 1.74 0.0
1986.0 1.74 0.0
1986.5 1.74 0.0
1987.0 1.74 0.0
1987.5 1.74 0.0
1988.0 1.74 0.0
1988.5 1.74 0.0
1989.0 1.74 0.0
1989.5 1.74 0.0
1990.0 1.74 0.0
1990.5 1.74 0.0
1991.0 1.74 0.0
1991.5 1.74 0.0
1992.0 1.74 0.0
1992.5 1.74 0.0
1993.0 1.74 0.0
1993.5 1.74 0.0
1994.0 1.74 0.0
1994.5 1.74 0.0
1995.0 1.74 0.0
1995.5 1.74 0.0
1996.0 1.74 0.0
1996.5 1.74 0.0
1997.0 1.74 0.0
1997.5 1.74 0.0
1998.0 1.74 0.0
1998.5 1.74 0.0
1999.0 1.74 0.0
1999.5 1.74 0.0
2000.0 1.74 0.0
