280	4.08	2.54
280.5	4.07	2.52
281	4.07	2.5
281.5	4.06	2.48
282	4.06	2.45
282.5	4.05	2.44
283	4.04	2.42
283.5	4.04	2.4
284	4.03	2.38
284.5	4.02	2.37
285	4.02	2.35
285.5	4.01	2.34
286	4	2.32
286.5	3.99	2.31
287	3.99	2.3
287.5	3.98	2.28
288	3.97	2.27
288.5	3.97	2.26
289	3.96	2.25
289.5	3.95	2.24
290	3.95	2.23
290.5	3.94	2.22
291	3.93	2.21
291.5	3.93	2.2
292	3.92	2.19
292.5	3.92	2.19
293	3.91	2.18
293.5	3.91	2.17
294	3.9	2.16
294.5	3.89	2.16
295	3.89	2.15
295.5	3.88	2.15
296	3.88	2.14
296.5	3.88	2.14
297	3.87	2.13
297.5	3.87	2.13
298	3.86	2.12
298.5	3.86	2.12
299	3.86	2.11
299.5	3.85	2.11
300	3.85	2.11
300.5	3.84	2.1
301	3.84	2.1
301.5	3.84	2.1
302	3.84	2.09
302.5	3.83	2.09
303	3.83	2.09
303.5	3.83	2.09
304	3.83	2.09
304.5	3.82	2.08
305	3.82	2.08
305.5	3.82	2.08
306	3.82	2.08
306.5	3.82	2.08
307	3.82	2.08
307.5	3.82	2.07
308	3.82	2.07
308.5	3.82	2.07
309	3.81	2.07
309.5	3.81	2.07
310	3.81	2.07
310.5	3.81	2.07
311	3.81	2.07
311.5	3.81	2.07
312	3.81	2.07
312.5	3.81	2.07
313	3.82	2.07
313.5	3.82	2.07
314	3.82	2.07
314.5	3.82	2.07
315	3.82	2.07
315.5	3.82	2.07
316	3.82	2.07
316.5	3.82	2.07
317	3.82	2.07
317.5	3.83	2.07
318	3.83	2.07
318.5	3.83	2.07
319	3.83	2.07
319.5	3.83	2.07
320	3.84	2.07
320.5	3.84	2.07
321	3.84	2.07
321.5	3.84	2.07
322	3.85	2.07
322.5	3.85	2.07
323	3.85	2.07
323.5	3.85	2.07
324	3.86	2.07
324.5	3.86	2.07
325	3.86	2.07
325.5	3.87	2.07
326	3.87	2.07
326.5	3.87	2.07
327	3.88	2.07
327.5	3.88	2.07
328	3.89	2.07
328.5	3.89	2.07
329	3.89	2.08
329.5	3.9	2.08
330	3.9	2.08
330.5	3.91	2.08
331	3.91	2.08
331.5	3.91	2.08
332	3.92	2.08
332.5	3.92	2.08
333	3.93	2.08
333.5	3.93	2.08
334	3.94	2.08
334.5	3.94	2.08
335	3.95	2.08
335.5	3.95	2.08
336	3.96	2.08
336.5	3.96	2.08
337	3.97	2.08
337.5	3.98	2.09
338	3.98	2.09
338.5	3.99	2.09
339	3.99	2.09
339.5	4	2.09
340	4	2.09
340.5	4.01	2.09
341	4.02	2.09
341.5	4.02	2.09
342	4.03	2.09
342.5	4.04	2.09
343	4.04	2.09
343.5	4.05	2.09
344	4.06	2.09
344.5	4.06	2.09
345	4.07	2.09
345.5	4.08	2.09
346	4.08	2.09
346.5	4.09	2.09
347	4.1	2.09
347.5	4.1	2.09
348	4.11	2.09
348.5	4.12	2.09
349	4.13	2.09
349.5	4.13	2.1
350	4.14	2.1
350.5	4.15	2.1
351	4.16	2.1
351.5	4.17	2.1
352	4.17	2.1
352.5	4.18	2.1
353	4.19	2.1
353.5	4.2	2.1
354	4.21	2.1
354.5	4.22	2.1
355	4.22	2.1
355.5	4.23	2.1
356	4.24	2.1
356.5	4.25	2.1
357	4.26	2.1
357.5	4.27	2.1
358	4.28	2.1
358.5	4.29	2.1
359	4.3	2.1
359.5	4.3	2.1
360	4.31	2.1
360.5	4.32	2.09
361	4.33	2.09
361.5	4.34	2.09
362	4.35	2.09
362.5	4.36	2.09
363	4.37	2.09
363.5	4.38	2.09
364	4.39	2.09
364.5	4.4	2.09
365	4.41	2.09
365.5	4.42	2.09
366	4.44	2.09
366.5	4.45	2.09
367	4.46	2.09
367.5	4.47	2.09
368	4.48	2.09
368.5	4.49	2.09
369	4.5	2.09
369.5	4.51	2.08
370	4.53	2.08
370.5	4.54	2.08
371	4.55	2.08
371.5	4.56	2.08
372	4.57	2.08
372.5	4.58	2.08
373	4.6	2.08
373.5	4.61	2.08
374	4.62	2.08
374.5	4.63	2.08
375	4.65	2.07
375.5	4.66	2.07
376	4.67	2.07
376.5	4.68	2.07
377	4.7	2.07
377.5	4.71	2.07
378	4.72	2.07
378.5	4.74	2.07
379	4.75	2.06
379.5	4.76	2.06
380	4.78	2.06
380.5	4.79	2.06
381	4.8	2.06
381.5	4.82	2.06
382	4.83	2.06
382.5	4.84	2.06
383	4.86	2.05
383.5	4.87	2.05
384	4.88	2.05
384.5	4.9	2.05
385	4.91	2.05
385.5	4.92	2.05
386	4.94	2.05
386.5	4.95	2.05
387	4.96	2.05
387.5	4.97	2.05
388	4.98	2.05
388.5	5	2.05
389	5.01	2.04
389.5	5.02	2.04
390	5.03	2.04
390.5	5.04	2.05
391	5.05	2.05
391.5	5.06	2.05
392	5.07	2.05
392.5	5.08	2.05
393	5.09	2.05
393.5	5.09	2.05
394	5.1	2.05
394.5	5.1	2.05
395	5.1	2.05
395.5	5.11	2.04
396	5.11	2.04
396.5	5.12	2.04
397	5.11	2.03
397.5	5.1	1.99
398	5.08	1.95
398.5	5.06	1.9
399	5.05	1.86
399.5	5.03	1.82
400	5.01	1.78
400.5	5	1.73
401	4.98	1.7
401.5	4.97	1.68
402	4.95	1.65
402.5	4.94	1.63
403	4.93	1.6
403.5	4.91	1.58
404	4.9	1.55
404.5	4.89	1.53
405	4.87	1.51
405.5	4.86	1.49
406	4.85	1.47
406.5	4.83	1.45
407	4.82	1.43
407.5	4.81	1.41
408	4.79	1.39
408.5	4.78	1.37
409	4.77	1.35
409.5	4.75	1.33
410	4.74	1.32
410.5	4.73	1.3
411	4.72	1.28
411.5	4.7	1.26
412	4.69	1.25
412.5	4.68	1.23
413	4.66	1.21
413.5	4.65	1.2
414	4.64	1.18
414.5	4.63	1.16
415	4.62	1.15
415.5	4.6	1.13
416	4.59	1.12
416.5	4.58	1.1
417	4.57	1.08
417.5	4.56	1.07
418	4.55	1.05
418.5	4.54	1.04
419	4.52	1.02
419.5	4.51	1.01
420	4.5	0.99
420.5	4.49	0.97
421	4.48	0.96
421.5	4.47	0.94
422	4.46	0.93
422.5	4.45	0.91
423	4.44	0.9
423.5	4.43	0.88
424	4.42	0.87
424.5	4.41	0.85
425	4.4	0.84
425.5	4.39	0.82
426	4.38	0.81
426.5	4.37	0.79
427	4.37	0.78
427.5	4.36	0.76
428	4.35	0.75
428.5	4.34	0.73
429	4.33	0.71
429.5	4.32	0.7
430	4.31	0.68
430.5	4.3	0.67
431	4.3	0.65
431.5	4.29	0.64
432	4.28	0.62
432.5	4.27	0.61
433	4.27	0.59
433.5	4.26	0.58
434	4.25	0.56
434.5	4.24	0.55
435	4.24	0.53
435.5	4.23	0.52
436	4.22	0.51
436.5	4.22	0.49
437	4.21	0.48
437.5	4.2	0.46
438	4.2	0.45
438.5	4.19	0.44
439	4.18	0.44
439.5	4.18	0.44
440	4.18	0.44
440.5	4.17	0.43
441	4.17	0.43
441.5	4.16	0.43
442	4.16	0.43
442.5	4.15	0.43
443	4.15	0.43
443.5	4.14	0.43
444	4.14	0.43
444.5	4.14	0.43
445	4.13	0.43
445.5	4.13	0.43
446	4.12	0.43
446.5	4.12	0.43
447	4.11	0.43
447.5	4.11	0.43
448	4.11	0.43
448.5	4.1	0.43
449	4.1	0.42
449.5	4.09	0.42
450	4.09	0.42
450.5	4.09	0.42
451	4.08	0.42
451.5	4.08	0.42
452	4.08	0.42
452.5	4.07	0.42
453	4.07	0.42
453.5	4.07	0.42
454	4.06	0.42
454.5	4.06	0.42
455	4.05	0.42
455.5	4.05	0.42
456	4.05	0.42
456.5	4.04	0.41
457	4.04	0.41
457.5	4.04	0.41
458	4.03	0.41
458.5	4.03	0.41
459	4.03	0.41
459.5	4.03	0.41
460	4.02	0.41
460.5	4.02	0.41
461	4.02	0.41
461.5	4.01	0.41
462	4.01	0.41
462.5	4.01	0.41
463	4	0.41
463.5	4	0.4
464	4	0.4
464.5	4	0.4
465	3.99	0.4
465.5	3.99	0.4
466	3.99	0.4
466.5	3.98	0.4
467	3.98	0.4
467.5	3.98	0.4
468	3.98	0.4
468.5	3.97	0.4
469	3.97	0.4
469.5	3.97	0.4
470	3.97	0.4
470.5	3.96	0.39
471	3.96	0.39
471.5	3.96	0.39
472	3.96	0.39
472.5	3.95	0.39
473	3.95	0.39
473.5	3.95	0.39
474	3.95	0.39
474.5	3.94	0.39
475	3.94	0.39
475.5	3.94	0.39
476	3.94	0.39
476.5	3.93	0.39
477	3.93	0.39
477.5	3.93	0.38
478	3.93	0.38
478.5	3.93	0.38
479	3.92	0.38
479.5	3.92	0.38
480	3.92	0.38
480.5	3.92	0.38
481	3.91	0.38
481.5	3.91	0.38
482	3.91	0.38
482.5	3.91	0.38
483	3.91	0.38
483.5	3.9	0.38
484	3.9	0.37
484.5	3.9	0.37
485	3.9	0.37
485.5	3.9	0.37
486	3.89	0.37
486.5	3.89	0.37
487	3.89	0.37
487.5	3.89	0.37
488	3.89	0.37
488.5	3.88	0.37
489	3.88	0.37
489.5	3.88	0.37
490	3.88	0.37
490.5	3.88	0.37
491	3.88	0.36
491.5	3.87	0.36
492	3.87	0.36
492.5	3.87	0.36
493	3.87	0.36
493.5	3.87	0.36
494	3.87	0.36
494.5	3.86	0.36
495	3.86	0.36
495.5	3.86	0.36
496	3.86	0.36
496.5	3.86	0.36
497	3.86	0.36
497.5	3.85	0.35
498	3.85	0.35
498.5	3.85	0.35
499	3.85	0.35
499.5	3.85	0.35
500	3.85	0.35
500.5	3.85	0.35
501	3.84	0.35
501.5	3.84	0.35
502	3.84	0.35
502.5	3.84	0.35
503	3.84	0.35
503.5	3.84	0.35
504	3.83	0.34
504.5	3.83	0.34
505	3.83	0.34
505.5	3.83	0.34
506	3.83	0.34
506.5	3.83	0.34
507	3.83	0.34
507.5	3.83	0.34
508	3.82	0.34
508.5	3.82	0.34
509	3.82	0.34
509.5	3.82	0.34
510	3.82	0.33
510.5	3.82	0.33
511	3.82	0.33
511.5	3.82	0.33
512	3.81	0.33
512.5	3.81	0.33
513	3.81	0.33
513.5	3.81	0.33
514	3.81	0.33
514.5	3.81	0.33
515	3.81	0.33
515.5	3.81	0.33
516	3.8	0.33
516.5	3.8	0.32
517	3.8	0.32
517.5	3.8	0.32
518	3.8	0.32
518.5	3.8	0.32
519	3.8	0.32
519.5	3.8	0.32
520	3.8	0.32
520.5	3.79	0.32
521	3.79	0.32
521.5	3.79	0.32
522	3.79	0.32
522.5	3.79	0.31
523	3.79	0.31
523.5	3.79	0.31
524	3.79	0.31
524.5	3.79	0.31
525	3.79	0.31
525.5	3.78	0.31
526	3.78	0.31
526.5	3.78	0.31
527	3.78	0.31
527.5	3.78	0.31
528	3.78	0.31
528.5	3.78	0.31
529	3.78	0.3
529.5	3.78	0.3
530	3.78	0.3
530.5	3.78	0.3
531	3.77	0.3
531.5	3.77	0.3
532	3.77	0.3
532.5	3.77	0.3
533	3.77	0.3
533.5	3.77	0.3
534	3.77	0.3
534.5	3.77	0.3
535	3.77	0.29
535.5	3.77	0.29
536	3.77	0.29
536.5	3.77	0.29
537	3.76	0.29
537.5	3.76	0.29
538	3.76	0.29
538.5	3.76	0.29
539	3.76	0.29
539.5	3.76	0.29
540	3.76	0.29
540.5	3.76	0.29
541	3.76	0.28
541.5	3.76	0.28
542	3.76	0.28
542.5	3.76	0.28
543	3.76	0.28
543.5	3.76	0.28
544	3.75	0.28
544.5	3.75	0.28
545	3.75	0.28
545.5	3.75	0.28
546	3.75	0.28
546.5	3.75	0.27
547	3.75	0.27
547.5	3.75	0.27
548	3.75	0.27
548.5	3.75	0.27
549	3.75	0.27
549.5	3.75	0.27
550	3.75	0.27
550.5	3.75	0.27
551	3.75	0.27
551.5	3.75	0.27
552	3.74	0.26
552.5	3.74	0.26
553	3.74	0.26
553.5	3.74	0.26
554	3.74	0.26
554.5	3.74	0.26
555	3.74	0.26
555.5	3.74	0.26
556	3.74	0.26
556.5	3.74	0.26
557	3.74	0.26
557.5	3.74	0.25
558	3.74	0.25
558.5	3.74	0.25
559	3.74	0.25
559.5	3.74	0.25
560	3.74	0.25
560.5	3.74	0.25
561	3.74	0.25
561.5	3.73	0.25
562	3.73	0.25
562.5	3.73	0.24
563	3.73	0.24
563.5	3.73	0.24
564	3.73	0.24
564.5	3.73	0.24
565	3.73	0.24
565.5	3.73	0.24
566	3.73	0.24
566.5	3.73	0.24
567	3.73	0.23
567.5	3.73	0.23
568	3.73	0.23
568.5	3.73	0.23
569	3.73	0.23
569.5	3.73	0.23
570	3.73	0.23
570.5	3.73	0.23
571	3.73	0.22
571.5	3.73	0.22
572	3.72	0.22
572.5	3.72	0.22
573	3.72	0.22
573.5	3.72	0.21
574	3.72	0.21
574.5	3.72	0.21
575	3.72	0.21
575.5	3.72	0.21
576	3.72	0.21
576.5	3.72	0.2
577	3.72	0.2
577.5	3.71	0.2
578	3.71	0.2
578.5	3.71	0.2
579	3.71	0.2
579.5	3.71	0.2
580	3.71	0.2
580.5	3.71	0.2
581	3.71	0.2
581.5	3.7	0.2
582	3.7	0.19
582.5	3.7	0.19
583	3.7	0.19
583.5	3.7	0.19
584	3.7	0.19
584.5	3.7	0.19
585	3.7	0.19
585.5	3.7	0.19
586	3.69	0.19
586.5	3.69	0.19
587	3.69	0.19
587.5	3.69	0.19
588	3.69	0.19
588.5	3.69	0.19
589	3.69	0.19
589.5	3.69	0.19
590	3.69	0.19
590.5	3.69	0.19
591	3.69	0.19
591.5	3.69	0.18
592	3.69	0.18
592.5	3.68	0.18
593	3.68	0.18
593.5	3.68	0.18
594	3.68	0.18
594.5	3.68	0.18
595	3.68	0.18
595.5	3.68	0.18
596	3.68	0.18
596.5	3.68	0.18
597	3.68	0.18
597.5	3.68	0.18
598	3.68	0.18
598.5	3.68	0.18
599	3.68	0.18
599.5	3.68	0.18
600	3.68	0.18
600.5	3.67	0.18
601	3.67	0.17
601.5	3.67	0.17
602	3.67	0.17
602.5	3.67	0.17
603	3.67	0.17
603.5	3.67	0.17
604	3.67	0.17
604.5	3.67	0.17
605	3.67	0.17
605.5	3.67	0.17
606	3.67	0.17
606.5	3.67	0.17
607	3.67	0.17
607.5	3.67	0.17
608	3.67	0.17
608.5	3.67	0.17
609	3.67	0.17
609.5	3.67	0.17
610	3.67	0.17
610.5	3.66	0.16
611	3.66	0.16
611.5	3.66	0.16
612	3.66	0.16
612.5	3.66	0.16
613	3.66	0.16
613.5	3.66	0.16
614	3.66	0.16
614.5	3.66	0.16
615	3.66	0.16
615.5	3.66	0.16
616	3.66	0.16
616.5	3.66	0.16
617	3.66	0.16
617.5	3.66	0.16
618	3.66	0.16
618.5	3.66	0.16
619	3.66	0.16
619.5	3.66	0.15
620	3.66	0.15
620.5	3.66	0.15
621	3.66	0.15
621.5	3.66	0.15
622	3.66	0.15
622.5	3.66	0.15
623	3.66	0.15
623.5	3.66	0.15
624	3.66	0.15
624.5	3.66	0.15
625	3.65	0.15
625.5	3.65	0.15
626	3.65	0.15
626.5	3.65	0.15
627	3.65	0.15
627.5	3.65	0.15
628	3.65	0.15
628.5	3.65	0.14
629	3.65	0.14
629.5	3.65	0.14
630	3.65	0.14
630.5	3.65	0.14
631	3.65	0.14
631.5	3.65	0.14
632	3.65	0.14
632.5	3.65	0.14
633	3.65	0.14
633.5	3.65	0.14
634	3.65	0.14
634.5	3.65	0.14
635	3.65	0.14
635.5	3.65	0.14
636	3.65	0.14
636.5	3.65	0.14
637	3.65	0.13
637.5	3.65	0.13
638	3.65	0.13
638.5	3.65	0.13
639	3.65	0.13
639.5	3.65	0.13
640	3.65	0.13
640.5	3.65	0.13
641	3.65	0.13
641.5	3.65	0.13
642	3.65	0.13
642.5	3.65	0.13
643	3.65	0.13
643.5	3.65	0.13
644	3.65	0.13
644.5	3.65	0.12
645	3.65	0.12
645.5	3.65	0.12
646	3.65	0.12
646.5	3.65	0.12
647	3.65	0.12
647.5	3.65	0.12
648	3.65	0.12
648.5	3.65	0.12
649	3.64	0.12
649.5	3.64	0.12
650	3.64	0.12
650.5	3.64	0.12
651	3.64	0.12
651.5	3.64	0.11
652	3.64	0.11
652.5	3.64	0.11
653	3.64	0.11
653.5	3.64	0.11
654	3.64	0.11
654.5	3.64	0.11
655	3.64	0.11
655.5	3.64	0.11
656	3.64	0.11
656.5	3.64	0.11
657	3.64	0.1
657.5	3.64	0.1
658	3.64	0.1
658.5	3.64	0.1
659	3.64	0.1
659.5	3.64	0.1
660	3.64	0.1
660.5	3.64	0.1
661	3.64	0.1
661.5	3.64	0.1
662	3.64	0.09
662.5	3.64	0.09
663	3.64	0.09
663.5	3.64	0.09
664	3.64	0.09
664.5	3.64	0.09
665	3.64	0.09
665.5	3.64	0.09
666	3.64	0.08
666.5	3.64	0.08
667	3.64	0.08
667.5	3.64	0.08
668	3.64	0.08
668.5	3.64	0.08
669	3.64	0.08
669.5	3.64	0.07
670	3.64	0.07
670.5	3.64	0.07
671	3.64	0.07
671.5	3.64	0.07
672	3.64	0.07
672.5	3.63	0.06
673	3.63	0.06
673.5	3.63	0.06
674	3.63	0.06
674.5	3.63	0.05
675	3.63	0.05
675.5	3.62	0.05
676	3.62	0.05
676.5	3.62	0.05
677	3.62	0.04
677.5	3.62	0.04
678	3.62	0.04
678.5	3.61	0.04
679	3.61	0.03
679.5	3.61	0.03
680	3.61	0.03
680.5	3.61	0.03
681	3.61	0.02
681.5	3.6	0.02
682	3.6	0.02
682.5	3.6	0.02
683	3.6	0.02
683.5	3.6	0.02
684	3.6	0.02
684.5	3.59	0.02
685	3.59	0.02
685.5	3.59	0.02
686	3.59	0.02
686.5	3.59	0.02
687	3.59	0.02
687.5	3.58	0.02
688	3.58	0.02
688.5	3.58	0.02
689	3.58	0.02
689.5	3.58	0.02
690	3.58	0.02
690.5	3.57	0.02
691	3.57	0.02
691.5	3.57	0.02
692	3.57	0.02
692.5	3.57	0.02
693	3.57	0.02
693.5	3.57	0.02
694	3.56	0.02
694.5	3.56	0.02
695	3.56	0.02
695.5	3.56	0.02
696	3.56	0.02
696.5	3.56	0.02
697	3.56	0.02
697.5	3.56	0.02
698	3.56	0.02
698.5	3.55	0.02
699	3.55	0.02
699.5	3.55	0.02
700	3.55	0.02
700.5	3.55	0.02
701	3.55	0.02
701.5	3.55	0.02
702	3.55	0.02
702.5	3.55	0.02
703	3.55	0.02
703.5	3.54	0.02
704	3.54	0.02
704.5	3.54	0.02
705	3.54	0.02
705.5	3.54	0.02
706	3.54	0.02
706.5	3.54	0.02
707	3.54	0.02
707.5	3.54	0.02
708	3.54	0.02
708.5	3.54	0.02
709	3.53	0.02
709.5	3.53	0.02
710	3.53	0.02
710.5	3.53	0.02
711	3.53	0.02
711.5	3.53	0.02
712	3.53	0.02
712.5	3.53	0.02
713	3.53	0.02
713.5	3.53	0.02
714	3.53	0.02
714.5	3.52	0.02
715	3.52	0.02
715.5	3.52	0.02
716	3.52	0.02
716.5	3.52	0.02
717	3.52	0.02
717.5	3.52	0.02
718	3.52	0.02
718.5	3.52	0.02
719	3.52	0.02
719.5	3.52	0.02
720	3.52	0.02
720.5	3.52	0.02
721	3.51	0.02
721.5	3.51	0.02
722	3.51	0.02
722.5	3.51	0.02
723	3.51	0.02
723.5	3.51	0.02
724	3.51	0.02
724.5	3.51	0.02
725	3.51	0.02
725.5	3.51	0.02
726	3.51	0.02
726.5	3.51	0.02
727	3.51	0.02
727.5	3.51	0.02
728	3.5	0.02
728.5	3.5	0.02
729	3.5	0.02
729.5	3.5	0.02
730	3.5	0.02
730.5	3.5	0.02
731	3.5	0.02
731.5	3.5	0.02
732	3.5	0.02
732.5	3.5	0.02
733	3.5	0.02
733.5	3.5	0.02
734	3.5	0.02
734.5	3.5	0.02
735	3.5	0.02
735.5	3.5	0.02
736	3.49	0.02
736.5	3.49	0.02
737	3.49	0.02
737.5	3.49	0.02
738	3.49	0.02
738.5	3.49	0.02
739	3.49	0.02
739.5	3.49	0.02
740	3.49	0.02
740.5	3.49	0.02
741	3.49	0.02
741.5	3.49	0.02
742	3.49	0.02
742.5	3.49	0.02
743	3.49	0.02
743.5	3.49	0.02
744	3.48	0.02
744.5	3.48	0.02
745	3.48	0.02
745.5	3.48	0.02
746	3.48	0.02
746.5	3.48	0.02
747	3.48	0.02
747.5	3.48	0.02
748	3.48	0.02
748.5	3.48	0.02
749	3.48	0.02
749.5	3.48	0.02
750	3.48	0.02
750.5	3.48	0.02
751	3.48	0.02
751.5	3.48	0.02
752	3.48	0.02
752.5	3.48	0.02
753	3.47	0.02
753.5	3.47	0.02
754	3.47	0.02
754.5	3.47	0.02
755	3.47	0.02
755.5	3.47	0.02
756	3.47	0.02
756.5	3.47	0.02
757	3.47	0.02
757.5	3.47	0.02
758	3.47	0.02
758.5	3.47	0.02
759	3.47	0.02
759.5	3.47	0.02
760	3.47	0.02
760.5	3.47	0.02
761	3.47	0.02
761.5	3.47	0.02
762	3.47	0.02
762.5	3.46	0.02
763	3.46	0.02
763.5	3.46	0.02
764	3.46	0.02
764.5	3.46	0.02
765	3.46	0.02
765.5	3.46	0.02
766	3.46	0.02
766.5	3.46	0.02
767	3.46	0.02
767.5	3.46	0.02
768	3.46	0.02
768.5	3.46	0.02
769	3.46	0.02
769.5	3.46	0.02
770	3.46	0.02
770.5	3.46	0.02
771	3.46	0.02
771.5	3.46	0.02
772	3.46	0.02
772.5	3.45	0.02
773	3.45	0.02
773.5	3.45	0.02
774	3.45	0.02
774.5	3.45	0.02
775	3.45	0.02
775.5	3.45	0.02
776	3.45	0.02
776.5	3.45	0.02
777	3.45	0.02
777.5	3.45	0.02
778	3.45	0.02
778.5	3.45	0.02
779	3.45	0.02
779.5	3.45	0.02
780	3.45	0.02
780.5	3.45	0.02
781	3.45	0.02
781.5	3.45	0.02
782	3.45	0.02
782.5	3.45	0.02
783	3.45	0.02
783.5	3.44	0.02
784	3.44	0.02
784.5	3.44	0.02
785	3.44	0.02
785.5	3.44	0.02
786	3.44	0.02
786.5	3.44	0.02
787	3.44	0.02
787.5	3.44	0.02
788	3.44	0.02
788.5	3.44	0.02
789	3.44	0.02
789.5	3.44	0.02
790	3.44	0.02
790.5	3.44	0.02
791	3.44	0.02
791.5	3.44	0.02
792	3.44	0.02
792.5	3.44	0.02
793	3.44	0.02
793.5	3.44	0.02
794	3.44	0.02
794.5	3.44	0.02
795	3.44	0.02
795.5	3.43	0.02
796	3.43	0.02
796.5	3.43	0.02
797	3.43	0.02
797.5	3.43	0.02
798	3.43	0.02
798.5	3.43	0.02
799	3.43	0.02
799.5	3.43	0.02
800	3.43	0.02
800.5	3.43	0.02
801	3.43	0.02
801.5	3.43	0.02
802	3.43	0.02
802.5	3.43	0.02
803	3.43	0.02
803.5	3.43	0.02
804	3.43	0.02
804.5	3.43	0.02
805	3.43	0.02
805.5	3.43	0.02
806	3.43	0.02
806.5	3.43	0.02
807	3.43	0.02
807.5	3.43	0.02
808	3.43	0.02
808.5	3.42	0.02
809	3.42	0.02
809.5	3.42	0.02
810	3.42	0.02
810.5	3.42	0.02
811	3.42	0.02
811.5	3.42	0.02
812	3.42	0.02
812.5	3.42	0.02
813	3.42	0.02
813.5	3.42	0.02
814	3.42	0.02
814.5	3.42	0.02
815	3.42	0.02
815.5	3.42	0.02
816	3.42	0.02
816.5	3.42	0.02
817	3.42	0.02
817.5	3.42	0.02
818	3.42	0.02
818.5	3.42	0.02
819	3.42	0.02
819.5	3.42	0.02
820	3.42	0.02
820.5	3.42	0.02
821	3.42	0.02
821.5	3.42	0.02
822	3.41	0.02
822.5	3.41	0.02
823	3.41	0.02
823.5	3.41	0.02
824	3.41	0.02
824.5	3.41	0.02
825	3.41	0.02
825.5	3.41	0.02
826	3.41	0.02
826.5	3.41	0.02
827	3.41	0.02
827.5	3.41	0.02
828	3.41	0.02
828.5	3.41	0.02
829	3.41	0.02
829.5	3.41	0.02
830	3.41	0.02
830.5	3.41	0.02
831	3.41	0.02
831.5	3.41	0.02
832	3.41	0.02
832.5	3.41	0.02
833	3.41	0.02
833.5	3.41	0.02
834	3.41	0.02
834.5	3.41	0.02
835	3.41	0.02
835.5	3.41	0.02
836	3.41	0.02
836.5	3.41	0.02
837	3.4	0.02
837.5	3.4	0.02
838	3.4	0.02
838.5	3.4	0.02
839	3.4	0.02
839.5	3.4	0.02
840	3.4	0.02
840.5	3.4	0.02
841	3.4	0.02
841.5	3.4	0.02
842	3.4	0.02
842.5	3.4	0.02
843	3.4	0.02
843.5	3.4	0.02
844	3.4	0.02
844.5	3.4	0.02
845	3.4	0.02
845.5	3.4	0.02
846	3.4	0.02
846.5	3.4	0.02
847	3.4	0.02
847.5	3.4	0.02
848	3.4	0.02
848.5	3.4	0.02
849	3.4	0.02
849.5	3.4	0.02
850	3.4	0.02
850.5	3.4	0.02
851	3.4	0.02
851.5	3.4	0.02
852	3.4	0.02
852.5	3.4	0.02
853	3.4	0.02
853.5	3.39	0.02
854	3.39	0.02
854.5	3.39	0.02
855	3.39	0.02
855.5	3.39	0.02
856	3.39	0.02
856.5	3.39	0.02
857	3.39	0.02
857.5	3.39	0.02
858	3.39	0.02
858.5	3.39	0.02
859	3.39	0.02
859.5	3.39	0.02
860	3.39	0.02
860.5	3.39	0.02
861	3.39	0.02
861.5	3.39	0.02
862	3.39	0.02
862.5	3.39	0.02
863	3.39	0.02
863.5	3.39	0.02
864	3.39	0.02
864.5	3.39	0.02
865	3.39	0.02
865.5	3.39	0.02
866	3.39	0.02
866.5	3.39	0.02
867	3.39	0.02
867.5	3.39	0.02
868	3.39	0.02
868.5	3.39	0.02
869	3.39	0.02
869.5	3.39	0.02
870	3.39	0.02
870.5	3.39	0.02
871	3.38	0.02
871.5	3.38	0.02
872	3.38	0.02
872.5	3.38	0.02
873	3.38	0.02
873.5	3.38	0.02
874	3.38	0.02
874.5	3.38	0.02
875	3.38	0.02
875.5	3.38	0.02
876	3.38	0.02
876.5	3.38	0.02
877	3.38	0.02
877.5	3.38	0.02
878	3.38	0.02
878.5	3.38	0.02
879	3.38	0.02
879.5	3.38	0.02
880	3.38	0.02
880.5	3.38	0.02
881	3.38	0.02
881.5	3.38	0.02
882	3.38	0.02
882.5	3.38	0.02
883	3.38	0.02
883.5	3.38	0.02
884	3.38	0.02
884.5	3.38	0.02
885	3.38	0.02
885.5	3.38	0.02
886	3.38	0.02
886.5	3.38	0.02
887	3.38	0.02
887.5	3.38	0.02
888	3.38	0.02
888.5	3.38	0.02
889	3.38	0.02
889.5	3.38	0.02
890	3.38	0.02
890.5	3.37	0.02
891	3.37	0.02
891.5	3.37	0.02
892	3.37	0.02
892.5	3.37	0.02
893	3.37	0.02
893.5	3.37	0.02
894	3.37	0.02
894.5	3.37	0.02
895	3.37	0.02
895.5	3.37	0.02
896	3.37	0.02
896.5	3.37	0.02
897	3.37	0.02
897.5	3.37	0.02
898	3.37	0.02
898.5	3.37	0.02
899	3.37	0.02
899.5	3.37	0.02
900	3.37	0.02
900.5	3.37	0.02
901	3.37	0.02
901.5	3.37	0.02
902	3.37	0.02
902.5	3.37	0.02
903	3.37	0.02
903.5	3.37	0.02
904	3.37	0.02
904.5	3.37	0.02
905	3.37	0.02
905.5	3.37	0.02
906	3.37	0.02
906.5	3.37	0.02
907	3.37	0.02
907.5	3.37	0.02
908	3.37	0.02
908.5	3.37	0.02
909	3.37	0.02
909.5	3.37	0.02
910	3.37	0.02
910.5	3.37	0.02
911	3.37	0.02
911.5	3.36	0.02
912	3.36	0.02
912.5	3.36	0.02
913	3.36	0.02
913.5	3.36	0.02
914	3.36	0.02
914.5	3.36	0.02
915	3.36	0.02
915.5	3.36	0.02
916	3.36	0.02
916.5	3.36	0.02
917	3.36	0.02
917.5	3.36	0.02
918	3.36	0.02
918.5	3.36	0.02
919	3.36	0.02
919.5	3.36	0.02
920	3.36	0.02
920.5	3.36	0.02
921	3.36	0.02
921.5	3.36	0.02
922	3.36	0.02
922.5	3.36	0.02
923	3.36	0.02
923.5	3.36	0.02
924	3.36	0.02
924.5	3.36	0.02
925	3.36	0.02
925.5	3.36	0.02
926	3.36	0.02
926.5	3.36	0.02
927	3.36	0.02
927.5	3.36	0.02
928	3.36	0.02
928.5	3.36	0.02
929	3.36	0.02
929.5	3.36	0.02
930	3.36	0.02
930.5	3.36	0.02
931	3.36	0.02
931.5	3.36	0.02
932	3.36	0.02
932.5	3.36	0.02
933	3.36	0.02
933.5	3.36	0.02
934	3.36	0.02
934.5	3.35	0.02
935	3.35	0.02
935.5	3.35	0.02
936	3.35	0.02
936.5	3.35	0.02
937	3.35	0.02
937.5	3.35	0.02
938	3.35	0.02
938.5	3.35	0.02
939	3.35	0.02
939.5	3.35	0.02
940	3.35	0.02
940.5	3.35	0.02
941	3.35	0.02
941.5	3.35	0.02
942	3.35	0.02
942.5	3.35	0.02
943	3.35	0.02
943.5	3.35	0.02
944	3.35	0.02
944.5	3.35	0.02
945	3.35	0.02
945.5	3.35	0.02
946	3.35	0.02
946.5	3.35	0.02
947	3.35	0.02
947.5	3.35	0.02
948	3.35	0.02
948.5	3.35	0.02
949	3.35	0.02
949.5	3.35	0.02
950	3.35	0.02
950.5	3.35	0.02
951	3.35	0.02
951.5	3.35	0.02
952	3.35	0.02
952.5	3.35	0.02
953	3.35	0.02
953.5	3.35	0.02
954	3.35	0.02
954.5	3.35	0.02
955	3.35	0.01
955.5	3.35	0.01
956	3.35	0.01
956.5	3.35	0.01
957	3.35	0.01
957.5	3.35	0.01
958	3.35	0.01
958.5	3.35	0.01
959	3.35	0.01
959.5	3.35	0.01
960	3.34	0.01
960.5	3.34	0.01
961	3.34	0.01
961.5	3.34	0.01
962	3.34	0.01
962.5	3.34	0.01
963	3.34	0.01
963.5	3.34	0.01
964	3.34	0.01
964.5	3.34	0.01
965	3.34	0.01
965.5	3.34	0.01
966	3.34	0.01
966.5	3.34	0.01
967	3.34	0.01
967.5	3.34	0.01
968	3.34	0.01
968.5	3.34	0.01
969	3.34	0.01
969.5	3.34	0.01
970	3.34	0.01
970.5	3.34	0.01
971	3.34	0.01
971.5	3.34	0.01
972	3.34	0.01
972.5	3.34	0.01
973	3.34	0.01
973.5	3.34	0.01
974	3.34	0.01
974.5	3.34	0.01
975	3.34	0.01
975.5	3.34	0.01
976	3.34	0.01
976.5	3.34	0.01
977	3.34	0.01
977.5	3.34	0.01
978	3.34	0.01
978.5	3.34	0.01
979	3.34	0.01
979.5	3.34	0.01
980	3.34	0.01
980.5	3.34	0.01
981	3.34	0.01
981.5	3.34	0.01
982	3.34	0.01
982.5	3.34	0.01
983	3.34	0.01
983.5	3.34	0.01
984	3.34	0.01
984.5	3.34	0.01
985	3.34	0.01
985.5	3.34	0.01
986	3.34	0.01
986.5	3.34	0.01
987	3.34	0.01
987.5	3.34	0.01
988	3.34	0.01
988.5	3.33	0.01
989	3.33	0.01
989.5	3.33	0.01
990	3.33	0.01
990.5	3.33	0.01
991	3.33	0.01
991.5	3.33	0.01
992	3.33	0.01
992.5	3.33	0.01
993	3.33	0.01
993.5	3.33	0.01
994	3.33	0.01
994.5	3.33	0.01
995	3.33	0.01
995.5	3.33	0.01
996	3.33	0.01
996.5	3.33	0.01
997	3.33	0.01
997.5	3.33	0.01
998	3.33	0.01
998.5	3.33	0.01
999	3.33	0.01
999.5	3.33	0.01
1000	3.33	0.01
1000.5	3.33	0.01
1001	3.33	0.01
1001.5	3.33	0.01
1002	3.33	0.01
1002.5	3.33	0.01
1003	3.33	0.01
1003.5	3.33	0.01
1004	3.33	0.01
1004.5	3.33	0.01
1005	3.33	0.01
1005.5	3.33	0.01
1006	3.33	0.01
1006.5	3.33	0.01
1007	3.33	0.01
1007.5	3.33	0.01
1008	3.33	0.01
1008.5	3.33	0.01
1009	3.33	0.01
1009.5	3.33	0.01
1010	3.33	0.01
1010.5	3.33	0.01
1011	3.33	0.01
1011.5	3.33	0.01
1012	3.33	0.01
1012.5	3.33	0.01
1013	3.33	0.01
1013.5	3.33	0.01
1014	3.33	0.01
1014.5	3.33	0.01
1015	3.33	0.01
1015.5	3.33	0.01
1016	3.33	0.01
1016.5	3.33	0.01
1017	3.33	0.01
1017.5	3.33	0.01
1018	3.33	0.01
1018.5	3.33	0.01
1019	3.33	0.01
1019.5	3.33	0.01
1020	3.33	0.01
1020.5	3.32	0.01
1021	3.32	0.01
1021.5	3.32	0.01
1022	3.32	0.01
1022.5	3.32	0.01
1023	3.32	0.01
1023.5	3.32	0.01
1024	3.32	0.01
1024.5	3.32	0.01
1025	3.32	0.01
1025.5	3.32	0.01
1026	3.32	0.01
1026.5	3.32	0.01
1027	3.32	0.01
1027.5	3.32	0.01
1028	3.32	0.01
1028.5	3.32	0.01
1029	3.32	0.01
1029.5	3.32	0.01
1030	3.32	0.01
1030.5	3.32	0.01
1031	3.32	0.01
1031.5	3.32	0.01
1032	3.32	0.01
1032.5	3.32	0.01
1033	3.32	0.01
1033.5	3.32	0.01
1034	3.32	0.01
1034.5	3.32	0.01
1035	3.32	0.01
1035.5	3.32	0.01
1036	3.32	0.01
1036.5	3.32	0.01
1037	3.32	0.01
1037.5	3.32	0.01
1038	3.32	0.01
1038.5	3.32	0.01
1039	3.32	0.01
1039.5	3.32	0.01
1040	3.32	0.01
1040.5	3.32	0.01
1041	3.32	0.01
1041.5	3.32	0.01
1042	3.32	0.01
1042.5	3.32	0.01
1043	3.32	0.01
1043.5	3.32	0.01
1044	3.32	0.01
1044.5	3.32	0.01
1045	3.32	0.01
1045.5	3.32	0.01
1046	3.32	0.01
1046.5	3.32	0.01
1047	3.32	0.01
1047.5	3.32	0.01
1048	3.32	0.01
1048.5	3.32	0.01
1049	3.32	0.01
1049.5	3.32	0.01
1050	3.32	0.01
1050.5	3.32	0.01
1051	3.32	0.01
1051.5	3.32	0.01
1052	3.32	0.01
1052.5	3.32	0.01
1053	3.32	0.01
1053.5	3.32	0.01
1054	3.32	0.01
1054.5	3.32	0.01
1055	3.32	0.01
1055.5	3.32	0.01
1056	3.31	0.01
1056.5	3.31	0.01
1057	3.31	0.01
1057.5	3.31	0.01
1058	3.31	0.01
1058.5	3.31	0.01
1059	3.31	0.01
1059.5	3.31	0.01
1060	3.31	0.01
1060.5	3.31	0.01
1061	3.31	0.01
1061.5	3.31	0.01
1062	3.31	0.01
1062.5	3.31	0.01
1063	3.31	0.01
1063.5	3.31	0.01
1064	3.31	0.01
1064.5	3.31	0.01
1065	3.31	0.01
1065.5	3.31	0.01
1066	3.31	0.01
1066.5	3.31	0.01
1067	3.31	0.01
1067.5	3.31	0.01
1068	3.31	0.01
1068.5	3.31	0.01
1069	3.31	0.01
1069.5	3.31	0.01
1070	3.31	0.01
1070.5	3.31	0.01
1071	3.31	0.01
1071.5	3.31	0.01
1072	3.31	0.01
1072.5	3.31	0.01
1073	3.31	0.01
1073.5	3.31	0.01
1074	3.31	0.01
1074.5	3.31	0.01
1075	3.31	0.01
1075.5	3.31	0.01
1076	3.31	0.01
1076.5	3.31	0.01
1077	3.31	0.01
1077.5	3.31	0.01
1078	3.31	0.01
1078.5	3.31	0.01
1079	3.31	0.01
1079.5	3.31	0.01
1080	3.31	0.01
1080.5	3.31	0.01
1081	3.31	0.01
1081.5	3.31	0.01
1082	3.31	0.01
1082.5	3.31	0.01
1083	3.31	0.01
1083.5	3.31	0.01
1084	3.31	0.01
1084.5	3.31	0.01
1085	3.31	0.01
1085.5	3.31	0.01
1086	3.31	0.01
1086.5	3.31	0.01
1087	3.31	0.01
1087.5	3.31	0.01
1088	3.31	0.01
1088.5	3.31	0.01
1089	3.31	0.01
1089.5	3.31	0.01
1090	3.31	0.01
1090.5	3.31	0.01
1091	3.31	0.01
1091.5	3.31	0.01
1092	3.31	0.01
1092.5	3.31	0.01
1093	3.31	0.01
1093.5	3.31	0.01
1094	3.31	0.01
1094.5	3.31	0.01
1095	3.31	0.01
1095.5	3.31	0.01
1096	3.31	0.01
1096.5	3.31	0.01
1097	3.3	0.01
1097.5	3.3	0.01
1098	3.3	0.01
1098.5	3.3	0.01
1099	3.3	0.01
1099.5	3.3	0.01
1100	3.3	0.01
1100.5	3.3	0.01
1101	3.3	0.01
1101.5	3.3	0.01
1102	3.3	0.01
1102.5	3.3	0.01
1103	3.3	0.01
1103.5	3.3	0.01
1104	3.3	0.01
1104.5	3.3	0.01
1105	3.3	0.01
1105.5	3.3	0.01
1106	3.3	0.01
1106.5	3.3	0.01
1107	3.3	0.01
1107.5	3.3	0.01
1108	3.3	0.01
1108.5	3.3	0.01
1109	3.3	0.01
1109.5	3.3	0.01
1110	3.3	0.01
1110.5	3.3	0.01
1111	3.3	0.01
1111.5	3.3	0.01
1112	3.3	0.01
1112.5	3.3	0.01
1113	3.3	0.01
1113.5	3.3	0.01
1114	3.3	0.01
1114.5	3.3	0.01
1115	3.3	0.01
1115.5	3.3	0.01
1116	3.3	0.01
1116.5	3.3	0.01
1117	3.3	0.01
1117.5	3.3	0.01
1118	3.3	0.01
1118.5	3.3	0.01
1119	3.3	0.01
1119.5	3.3	0.01
1120	3.3	0.01
1120.5	3.3	0.01
1121	3.3	0.01
1121.5	3.3	0.01
1122	3.3	0.01
1122.5	3.3	0.01
1123	3.3	0.01
1123.5	3.3	0.01
1124	3.3	0.01
1124.5	3.3	0.01
1125	3.3	0.01
1125.5	3.3	0.01
1126	3.3	0.01
1126.5	3.3	0.01
1127	3.3	0.01
1127.5	3.3	0.01
1128	3.3	0.01
1128.5	3.3	0.01
1129	3.3	0.01
1129.5	3.3	0.01
1130	3.3	0.01
1130.5	3.3	0.01
1131	3.3	0.01
1131.5	3.3	0.01
1132	3.3	0.01
1132.5	3.3	0.01
1133	3.3	0.01
1133.5	3.3	0.01
1134	3.3	0.01
1134.5	3.3	0.01
1135	3.3	0.01
1135.5	3.3	0.01
1136	3.3	0.01
1136.5	3.3	0.01
1137	3.3	0.01
1137.5	3.3	0.01
1138	3.3	0.01
1138.5	3.3	0.01
1139	3.3	0.01
1139.5	3.3	0.01
1140	3.3	0.01
1140.5	3.3	0.01
1141	3.3	0.01
1141.5	3.3	0.01
1142	3.3	0.01
1142.5	3.3	0.01
1143	3.3	0.01
1143.5	3.29	0.01
1144	3.29	0.01
1144.5	3.29	0.01
1145	3.29	0.01
1145.5	3.29	0.01
1146	3.29	0.01
1146.5	3.29	0.01
1147	3.29	0.01
1147.5	3.29	0.01
1148	3.29	0.01
1148.5	3.29	0.01
1149	3.29	0.01
1149.5	3.29	0.01
1150	3.29	0.01
1150.5	3.29	0.01
1151	3.29	0.01
1151.5	3.29	0.01
1152	3.29	0.01
1152.5	3.29	0.01
1153	3.29	0.01
1153.5	3.29	0.01
1154	3.29	0.01
1154.5	3.29	0.01
1155	3.29	0.01
1155.5	3.29	0.01
1156	3.29	0.01
1156.5	3.29	0.01
1157	3.29	0.01
1157.5	3.29	0.01
1158	3.29	0.01
1158.5	3.29	0.01
1159	3.29	0.01
1159.5	3.29	0.01
1160	3.29	0.01
1160.5	3.29	0.01
1161	3.29	0.01
1161.5	3.29	0.01
1162	3.29	0.01
1162.5	3.29	0.01
1163	3.29	0.01
1163.5	3.29	0.01
1164	3.29	0.01
1164.5	3.29	0.01
1165	3.29	0.01
1165.5	3.29	0.01
1166	3.29	0.01
1166.5	3.29	0.01
1167	3.29	0.01
1167.5	3.29	0.01
1168	3.29	0.01
1168.5	3.29	0.01
1169	3.29	0.01
1169.5	3.29	0.01
1170	3.29	0.01
1170.5	3.29	0.01
1171	3.29	0.01
1171.5	3.29	0.01
1172	3.29	0.01
1172.5	3.29	0.01
1173	3.29	0.01
1173.5	3.29	0.01
1174	3.29	0.01
1174.5	3.29	0.01
1175	3.29	0.01
1175.5	3.29	0.01
1176	3.29	0.01
1176.5	3.29	0.01
1177	3.29	0.01
1177.5	3.29	0.01
1178	3.29	0.01
1178.5	3.29	0.01
1179	3.29	0.01
1179.5	3.29	0.01
1180	3.29	0.01
1180.5	3.29	0.01
1181	3.29	0.01
1181.5	3.29	0.01
1182	3.29	0.01
1182.5	3.29	0.01
1183	3.29	0.01
1183.5	3.29	0.01
1184	3.29	0.01
1184.5	3.29	0.01
1185	3.29	0.01
1185.5	3.29	0.01
1186	3.29	0.01
1186.5	3.29	0.01
1187	3.29	0.01
1187.5	3.29	0.01
1188	3.29	0.01
1188.5	3.29	0.01
1189	3.29	0.01
1189.5	3.29	0.01
1190	3.29	0.01
1190.5	3.29	0.01
1191	3.29	0.01
1191.5	3.29	0.01
1192	3.29	0.01
1192.5	3.29	0.01
1193	3.29	0.01
1193.5	3.29	0.01
1194	3.29	0.01
1194.5	3.29	0.01
1195	3.29	0.01
1195.5	3.29	0.01
1196	3.29	0.01
1196.5	3.29	0.01
1197	3.29	0.01
1197.5	3.29	0.01
1198	3.28	0.01
1198.5	3.28	0.01
1199	3.28	0.01
1199.5	3.28	0.01
1200	3.28	0.01
1200.5	3.28	0.01
1201	3.28	0.01
1201.5	3.28	0.01
1202	3.28	0.01
1202.5	3.28	0.01
1203	3.28	0.01
1203.5	3.28	0.01
1204	3.28	0.01
1204.5	3.28	0.01
1205	3.28	0.01
1205.5	3.28	0.01
1206	3.28	0.01
1206.5	3.28	0.01
1207	3.28	0.01
1207.5	3.28	0.01
1208	3.28	0.01
1208.5	3.28	0.01
1209	3.28	0.01
1209.5	3.28	0.01
1210	3.28	0.01
1210.5	3.28	0.01
1211	3.28	0.01
1211.5	3.28	0.01
1212	3.28	0.01
1212.5	3.28	0.01
1213	3.28	0.01
1213.5	3.28	0.01
1214	3.28	0.01
1214.5	3.28	0.01
1215	3.28	0.01
1215.5	3.28	0.01
1216	3.28	0.01
1216.5	3.28	0.01
1217	3.28	0.01
1217.5	3.28	0.01
1218	3.28	0.01
1218.5	3.28	0.01
1219	3.28	0.01
1219.5	3.28	0.01
1220	3.28	0.01
1220.5	3.28	0.01
1221	3.28	0.01
1221.5	3.28	0.01
1222	3.28	0.01
1222.5	3.28	0.01
1223	3.28	0.01
1223.5	3.28	0.01
1224	3.28	0.01
1224.5	3.28	0.01
1225	3.28	0.01
1225.5	3.28	0.01
1226	3.28	0.01
1226.5	3.28	0.01
1227	3.28	0.01
1227.5	3.28	0.01
1228	3.28	0.01
1228.5	3.28	0.01
1229	3.28	0.01
1229.5	3.28	0.01
1230	3.28	0.01
1230.5	3.28	0.01
1231	3.28	0.01
1231.5	3.28	0.01
1232	3.28	0.01
1232.5	3.28	0.01
1233	3.28	0.01
1233.5	3.28	0.01
1234	3.28	0.01
1234.5	3.28	0.01
1235	3.28	0.01
1235.5	3.28	0.01
1236	3.28	0.01
1236.5	3.28	0.01
1237	3.28	0.01
1237.5	3.28	0.01
1238	3.28	0.01
1238.5	3.28	0.01
1239	3.28	0.01
1239.5	3.28	0.01
1240	3.28	0.01
1240.5	3.28	0.01
1241	3.28	0.01
1241.5	3.28	0.01
1242	3.28	0.01
1242.5	3.28	0.01
1243	3.28	0.01
1243.5	3.28	0.01
1244	3.28	0.01
1244.5	3.28	0.01
1245	3.28	0.01
1245.5	3.28	0.01
1246	3.28	0.01
1246.5	3.28	0.01
1247	3.28	0.01
1247.5	3.28	0.01
1248	3.28	0.01
1248.5	3.28	0.01
1249	3.28	0.01
1249.5	3.28	0.01
1250	3.28	0.01
1250.5	3.28	0.01
1251	3.28	0.01
1251.5	3.28	0.01
1252	3.28	0.01
1252.5	3.28	0.01
1253	3.28	0.01
1253.5	3.28	0.01
1254	3.28	0.01
1254.5	3.28	0.01
1255	3.28	0.01
1255.5	3.28	0.01
1256	3.28	0.01
1256.5	3.28	0.01
1257	3.28	0.01
1257.5	3.28	0.01
1258	3.28	0.01
1258.5	3.28	0.01
1259	3.28	0.01
1259.5	3.28	0.01
1260	3.28	0.01
1260.5	3.28	0.01
1261	3.28	0.01
1261.5	3.28	0.01
1262	3.27	0.01
1262.5	3.27	0.01
1263	3.27	0.01
1263.5	3.27	0.01
1264	3.27	0.01
1264.5	3.27	0.01
1265	3.27	0.01
1265.5	3.27	0.01
1266	3.27	0.01
1266.5	3.27	0.01
1267	3.27	0.01
1267.5	3.27	0.01
1268	3.27	0.01
1268.5	3.27	0.01
1269	3.27	0.01
1269.5	3.27	0.01
1270	3.27	0.01
1270.5	3.27	0.01
1271	3.27	0.01
1271.5	3.27	0.01
1272	3.27	0.01
1272.5	3.27	0.01
1273	3.27	0.01
1273.5	3.27	0.01
1274	3.27	0.01
1274.5	3.27	0.01
1275	3.27	0.01
1275.5	3.27	0.01
1276	3.27	0.01
1276.5	3.27	0.01
1277	3.27	0.01
1277.5	3.27	0.01
1278	3.27	0.01
1278.5	3.27	0.01
1279	3.27	0.01
1279.5	3.27	0.01
1280	3.27	0.01
1280.5	3.27	0.01
1281	3.27	0.01
1281.5	3.27	0.01
1282	3.27	0.01
1282.5	3.27	0.01
1283	3.27	0.01
1283.5	3.27	0.01
1284	3.27	0.01
1284.5	3.27	0.01
1285	3.27	0.01
1285.5	3.27	0.01
1286	3.27	0.01
1286.5	3.27	0.01
1287	3.27	0.01
1287.5	3.27	0.01
1288	3.27	0.01
1288.5	3.27	0.01
1289	3.27	0.01
1289.5	3.27	0.01
1290	3.27	0.01
1290.5	3.27	0.01
1291	3.27	0.01
1291.5	3.27	0.01
1292	3.27	0.01
1292.5	3.27	0.01
1293	3.27	0.01
1293.5	3.27	0.01
1294	3.27	0.01
1294.5	3.27	0.01
1295	3.27	0.01
1295.5	3.27	0.01
1296	3.27	0.01
1296.5	3.27	0.01
1297	3.27	0.01
1297.5	3.27	0.01
1298	3.27	0.01
1298.5	3.27	0.01
1299	3.27	0.01
1299.5	3.27	0.01
1300	3.27	0.01
1300.5	3.27	0.01
1301	3.27	0.01
1301.5	3.27	0.01
1302	3.27	0.01
1302.5	3.27	0.01
1303	3.27	0.01
1303.5	3.27	0.01
1304	3.27	0.01
1304.5	3.27	0.01
1305	3.27	0.01
1305.5	3.27	0.01
1306	3.27	0.01
1306.5	3.27	0.01
1307	3.27	0.01
1307.5	3.27	0.01
1308	3.27	0.01
1308.5	3.27	0.01
1309	3.27	0.01
1309.5	3.27	0.01
1310	3.27	0.01
1310.5	3.27	0.01
1311	3.27	0.01
1311.5	3.27	0.01
1312	3.27	0.01
1312.5	3.27	0.01
1313	3.27	0.01
1313.5	3.27	0.01
1314	3.27	0.01
1314.5	3.27	0.01
1315	3.27	0.01
1315.5	3.27	0.01
1316	3.27	0.01
1316.5	3.27	0.01
1317	3.27	0.01
1317.5	3.27	0.01
1318	3.27	0.01
1318.5	3.27	0.01
1319	3.27	0.01
1319.5	3.27	0.01
1320	3.27	0.01
1320.5	3.27	0.01
1321	3.27	0.01
1321.5	3.27	0.01
1322	3.27	0.01
1322.5	3.27	0.01
1323	3.27	0.01
1323.5	3.27	0.01
1324	3.27	0.01
1324.5	3.27	0.01
1325	3.27	0.01
1325.5	3.27	0.01
1326	3.27	0.01
1326.5	3.27	0.01
1327	3.27	0.01
1327.5	3.27	0.01
1328	3.27	0.01
1328.5	3.27	0.01
1329	3.27	0.01
1329.5	3.27	0.01
1330	3.27	0.01
1330.5	3.27	0.01
1331	3.27	0.01
1331.5	3.27	0.01
1332	3.27	0.01
1332.5	3.27	0.01
1333	3.27	0.01
1333.5	3.27	0.01
1334	3.27	0.01
1334.5	3.27	0.01
1335	3.27	0.01
1335.5	3.27	0.01
1336	3.27	0.01
1336.5	3.27	0.01
1337	3.27	0.01
1337.5	3.27	0.01
1338	3.27	0.01
1338.5	3.26	0.01
1339	3.26	0.01
1339.5	3.26	0.01
1340	3.26	0.01
1340.5	3.26	0.01
1341	3.26	0.01
1341.5	3.26	0.01
1342	3.26	0.01
1342.5	3.26	0.01
1343	3.26	0.01
1343.5	3.26	0.01
1344	3.26	0.01
1344.5	3.26	0.01
1345	3.26	0.01
1345.5	3.26	0.01
1346	3.26	0.01
1346.5	3.26	0.01
1347	3.26	0.01
1347.5	3.26	0.01
1348	3.26	0.01
1348.5	3.26	0.01
1349	3.26	0.01
1349.5	3.26	0.01
1350	3.26	0.01
1350.5	3.26	0.01
1351	3.26	0.01
1351.5	3.26	0.01
1352	3.26	0.01
1352.5	3.26	0.01
1353	3.26	0.01
1353.5	3.26	0.01
1354	3.26	0.01
1354.5	3.26	0.01
1355	3.26	0.01
1355.5	3.26	0.01
1356	3.26	0.01
1356.5	3.26	0.01
1357	3.26	0.01
1357.5	3.26	0.01
1358	3.26	0.01
1358.5	3.26	0.01
1359	3.26	0.01
1359.5	3.26	0.01
1360	3.26	0.01
1360.5	3.26	0.01
1361	3.26	0.01
1361.5	3.26	0.01
1362	3.26	0.01
1362.5	3.26	0.01
1363	3.26	0.01
1363.5	3.26	0.01
1364	3.26	0.01
1364.5	3.26	0.01
1365	3.26	0.01
1365.5	3.26	0.01
1366	3.26	0.01
1366.5	3.26	0.01
1367	3.26	0.01
1367.5	3.26	0.01
1368	3.26	0.01
1368.5	3.26	0.01
1369	3.26	0.01
1369.5	3.26	0.01
1370	3.26	0.01
1370.5	3.26	0.01
1371	3.26	0.01
1371.5	3.26	0.01
1372	3.26	0.01
1372.5	3.26	0.01
1373	3.26	0.01
1373.5	3.26	0.01
1374	3.26	0.01
1374.5	3.26	0.01
1375	3.26	0.01
1375.5	3.26	0.01
1376	3.26	0.01
1376.5	3.26	0.01
1377	3.26	0.01
1377.5	3.26	0.01
1378	3.26	0.01
1378.5	3.26	0.01
1379	3.26	0.01
1379.5	3.26	0.01
1380	3.26	0.01
1380.5	3.26	0.01
1381	3.26	0.01
1381.5	3.26	0.01
1382	3.26	0.01
1382.5	3.26	0.01
1383	3.26	0.01
1383.5	3.26	0.01
1384	3.26	0.01
1384.5	3.26	0.01
1385	3.26	0.01
1385.5	3.26	0.01
1386	3.26	0.01
1386.5	3.26	0.01
1387	3.26	0.01
1387.5	3.26	0.01
1388	3.26	0.01
1388.5	3.26	0.01
1389	3.26	0.01
1389.5	3.26	0.01
1390	3.26	0.01
1390.5	3.26	0.01
1391	3.26	0.01
1391.5	3.26	0.01
1392	3.26	0.01
1392.5	3.26	0.01
1393	3.26	0.01
1393.5	3.26	0.01
1394	3.26	0.01
1394.5	3.26	0.01
1395	3.26	0.01
1395.5	3.26	0.01
1396	3.26	0.01
1396.5	3.26	0.01
1397	3.26	0.01
1397.5	3.26	0.01
1398	3.26	0.01
1398.5	3.26	0.01
1399	3.26	0.01
1399.5	3.26	0.01
1400	3.26	0.01
1400.5	3.26	0.01
1401	3.26	0.01
1401.5	3.26	0.01
1402	3.26	0.01
1402.5	3.26	0.01
1403	3.26	0.01
1403.5	3.26	0.01
1404	3.26	0.01
1404.5	3.26	0.01
1405	3.26	0.01
1405.5	3.26	0.01
1406	3.26	0.01
1406.5	3.26	0.01
1407	3.26	0.01
1407.5	3.26	0.01
1408	3.26	0.01
1408.5	3.26	0.01
1409	3.26	0.01
1409.5	3.26	0.01
1410	3.26	0.01
1410.5	3.26	0.01
1411	3.26	0.01
1411.5	3.26	0.01
1412	3.26	0.01
1412.5	3.26	0.01
1413	3.26	0.01
1413.5	3.26	0.01
1414	3.26	0.01
1414.5	3.26	0.01
1415	3.26	0.01
1415.5	3.26	0.01
1416	3.26	0.01
1416.5	3.26	0.01
1417	3.26	0.01
1417.5	3.26	0.01
1418	3.26	0.01
1418.5	3.26	0.01
1419	3.26	0.01
1419.5	3.26	0.01
1420	3.26	0.01
1420.5	3.26	0.01
1421	3.26	0.01
1421.5	3.26	0.01
1422	3.26	0.01
1422.5	3.26	0.01
1423	3.26	0.01
1423.5	3.26	0.01
1424	3.26	0.01
1424.5	3.26	0.01
1425	3.26	0.01
1425.5	3.26	0.01
1426	3.26	0.01
1426.5	3.26	0.01
1427	3.26	0.01
1427.5	3.26	0.01
1428	3.26	0.01
1428.5	3.26	0.01
1429	3.26	0.01
1429.5	3.26	0.01
1430	3.26	0.01
1430.5	3.26	0.01
1431	3.26	0.01
1431.5	3.26	0.01
1432	3.26	0.01
1432.5	3.26	0.01
1433	3.26	0.01
1433.5	3.26	0.01
1434	3.25	0.01
1434.5	3.25	0.01
1435	3.25	0.01
1435.5	3.25	0.01
1436	3.25	0.01
1436.5	3.25	0.01
1437	3.25	0.01
1437.5	3.25	0.01
1438	3.25	0.01
1438.5	3.25	0.01
1439	3.25	0.01
1439.5	3.25	0.01
1440	3.25	0.01
1440.5	3.25	0.01
1441	3.25	0.01
1441.5	3.25	0.01
1442	3.25	0.01
1442.5	3.25	0.01
1443	3.25	0.01
1443.5	3.25	0.01
1444	3.25	0.01
1444.5	3.25	0.01
1445	3.25	0.01
1445.5	3.25	0.01
1446	3.25	0.01
1446.5	3.25	0.01
1447	3.25	0.01
1447.5	3.25	0.01
1448	3.25	0.01
1448.5	3.25	0.01
1449	3.25	0.01
1449.5	3.25	0.01
1450	3.25	0.01
1450.5	3.25	0.01
1451	3.25	0.01
1451.5	3.25	0.01
1452	3.25	0.01
1452.5	3.25	0.01
1453	3.25	0.01
1453.5	3.25	0.01
1454	3.25	0.01
1454.5	3.25	0.01
1455	3.25	0.01
1455.5	3.25	0.01
1456	3.25	0.01
1456.5	3.25	0.01
1457	3.25	0.01
1457.5	3.25	0.01
1458	3.25	0.01
1458.5	3.25	0.01
1459	3.25	0.01
1459.5	3.25	0.01
1460	3.25	0.01
1460.5	3.25	0.01
1461	3.25	0.01
1461.5	3.25	0.01
1462	3.25	0.01
1462.5	3.25	0.01
1463	3.25	0.01
1463.5	3.25	0.01
1464	3.25	0.01
1464.5	3.25	0.01
1465	3.25	0.01
1465.5	3.25	0.01
1466	3.25	0.01
1466.5	3.25	0.01
1467	3.25	0.01
1467.5	3.25	0.01
1468	3.25	0.01
1468.5	3.25	0.01
1469	3.25	0.01
1469.5	3.25	0.01
1470	3.25	0.01
1470.5	3.25	0.01
1471	3.25	0.01
1471.5	3.25	0.01
1472	3.25	0.01
1472.5	3.25	0.01
1473	3.25	0.01
1473.5	3.25	0.01
1474	3.25	0.01
1474.5	3.25	0.01
1475	3.25	0.01
1475.5	3.25	0.01
1476	3.25	0.01
1476.5	3.25	0.01
1477	3.25	0.01
1477.5	3.25	0.01
1478	3.25	0.01
1478.5	3.25	0.01
1479	3.25	0.01
1479.5	3.25	0.01
1480	3.25	0.01
1480.5	3.25	0.01
1481	3.25	0.01
1481.5	3.25	0.01
1482	3.25	0.01
1482.5	3.25	0.01
1483	3.25	0.01
1483.5	3.25	0.01
1484	3.25	0.01
1484.5	3.25	0.01
1485	3.25	0.01
1485.5	3.25	0.01
1486	3.25	0.01
1486.5	3.25	0.01
1487	3.25	0.01
1487.5	3.25	0.01
1488	3.25	0.01
1488.5	3.25	0.01
1489	3.25	0.01
1489.5	3.25	0.01
1490	3.25	0.01
1490.5	3.25	0.01
1491	3.25	0.01
1491.5	3.25	0.01
1492	3.25	0.01
1492.5	3.25	0.01
1493	3.25	0.01
1493.5	3.25	0.01
1494	3.25	0.01
1494.5	3.25	0.01
1495	3.25	0.01
1495.5	3.25	0.01
1496	3.25	0.01
1496.5	3.25	0.01
1497	3.25	0.01
1497.5	3.25	0.01
1498	3.25	0.01
1498.5	3.25	0.01
1499	3.25	0.01
1499.5	3.25	0.01
1500	3.25	0.01
1500.5	3.25	0.01
1501	3.25	0.01
1501.5	3.25	0.01
1502	3.25	0.01
1502.5	3.25	0.01
1503	3.25	0.01
1503.5	3.25	0.01
1504	3.25	0.01
1504.5	3.25	0.01
1505	3.25	0.01
1505.5	3.25	0.01
1506	3.25	0.01
1506.5	3.25	0.01
1507	3.25	0.01
1507.5	3.25	0.01
1508	3.25	0.01
1508.5	3.25	0.01
1509	3.25	0.01
1509.5	3.25	0.01
1510	3.25	0.01
1510.5	3.25	0.01
1511	3.25	0.01
1511.5	3.25	0.01
1512	3.25	0.01
1512.5	3.25	0.01
1513	3.25	0.01
1513.5	3.25	0.01
1514	3.25	0.01
1514.5	3.25	0.01
1515	3.25	0.01
1515.5	3.25	0.01
1516	3.25	0.01
1516.5	3.25	0.01
1517	3.25	0.01
1517.5	3.25	0.01
1518	3.25	0.01
1518.5	3.25	0.01
1519	3.25	0.01
1519.5	3.25	0.01
1520	3.25	0.01
1520.5	3.25	0.01
1521	3.25	0.01
1521.5	3.25	0.01
1522	3.25	0.01
1522.5	3.25	0.01
1523	3.25	0.01
1523.5	3.25	0.01
1524	3.25	0.01
1524.5	3.25	0.01
1525	3.25	0.01
1525.5	3.25	0.01
1526	3.25	0.01
1526.5	3.25	0.01
1527	3.25	0.01
1527.5	3.25	0.01
1528	3.25	0.01
1528.5	3.25	0.01
1529	3.25	0.01
1529.5	3.25	0.01
1530	3.25	0.01
1530.5	3.25	0.01
1531	3.25	0.01
1531.5	3.25	0.01
1532	3.25	0.01
1532.5	3.25	0.01
1533	3.25	0.01
1533.5	3.25	0.01
1534	3.25	0.01
1534.5	3.25	0.01
1535	3.25	0.01
1535.5	3.25	0.01
1536	3.25	0.01
1536.5	3.25	0.01
1537	3.25	0.01
1537.5	3.25	0.01
1538	3.25	0.01
1538.5	3.25	0.01
1539	3.25	0.01
1539.5	3.25	0.01
1540	3.25	0.01
1540.5	3.25	0.01
1541	3.25	0.01
1541.5	3.25	0.01
1542	3.25	0.01
1542.5	3.25	0.01
1543	3.25	0.01
1543.5	3.25	0.01
1544	3.25	0.01
1544.5	3.25	0.01
1545	3.25	0.01
1545.5	3.25	0.01
1546	3.25	0.01
1546.5	3.25	0.01
1547	3.25	0.01
1547.5	3.25	0.01
1548	3.25	0.01
1548.5	3.25	0.01
1549	3.25	0.01
1549.5	3.25	0.01
1550	3.25	0.01
1550.5	3.25	0.01
1551	3.25	0.01
1551.5	3.25	0.01
1552	3.25	0.01
1552.5	3.25	0.01
1553	3.25	0.01
1553.5	3.25	0.01
1554	3.25	0.01
1554.5	3.25	0.01
1555	3.25	0.01
1555.5	3.24	0.01
1556	3.24	0.01
1556.5	3.24	0.01
1557	3.24	0.01
1557.5	3.24	0.01
1558	3.24	0.01
1558.5	3.24	0.01
1559	3.24	0.01
1559.5	3.24	0.01
1560	3.24	0.01
1560.5	3.24	0.01
1561	3.24	0.01
1561.5	3.24	0.01
1562	3.24	0.01
1562.5	3.24	0.01
1563	3.24	0.01
1563.5	3.24	0.01
1564	3.24	0.01
1564.5	3.24	0.01
1565	3.24	0.01
1565.5	3.24	0.01
1566	3.24	0.01
1566.5	3.24	0.01
1567	3.24	0.01
1567.5	3.24	0.01
1568	3.24	0.01
1568.5	3.24	0.01
1569	3.24	0.01
1569.5	3.24	0.01
1570	3.24	0.01
1570.5	3.24	0.01
1571	3.24	0.01
1571.5	3.24	0.01
1572	3.24	0.01
1572.5	3.24	0.01
1573	3.24	0.01
1573.5	3.24	0.01
1574	3.24	0.01
1574.5	3.24	0.01
1575	3.24	0.01
1575.5	3.24	0.01
1576	3.24	0.01
1576.5	3.24	0.01
1577	3.24	0.01
1577.5	3.24	0.01
1578	3.24	0.01
1578.5	3.24	0.01
1579	3.24	0.01
1579.5	3.24	0.01
1580	3.24	0.01
1580.5	3.24	0.01
1581	3.24	0.01
1581.5	3.24	0.01
1582	3.24	0.01
1582.5	3.24	0.01
1583	3.24	0.01
1583.5	3.24	0.01
1584	3.24	0.01
1584.5	3.24	0.01
1585	3.24	0.01
1585.5	3.24	0.01
1586	3.24	0.01
1586.5	3.24	0.01
1587	3.24	0.01
1587.5	3.24	0.01
1588	3.24	0.01
1588.5	3.24	0.01
1589	3.24	0.01
1589.5	3.24	0.01
1590	3.24	0.01
1590.5	3.24	0.01
1591	3.24	0.01
1591.5	3.24	0.01
1592	3.24	0.01
1592.5	3.24	0.01
1593	3.24	0.01
1593.5	3.24	0.01
1594	3.24	0.01
1594.5	3.24	0.01
1595	3.24	0.01
1595.5	3.24	0.01
1596	3.24	0.01
1596.5	3.24	0.01
1597	3.24	0.01
1597.5	3.24	0.01
1598	3.24	0.01
1598.5	3.24	0.01
1599	3.24	0.01
1599.5	3.24	0.01
1600	3.24	0.01
1600.5	3.24	0.01
1601	3.24	0.01
1601.5	3.24	0.01
1602	3.24	0.01
1602.5	3.24	0.01
1603	3.24	0.01
1603.5	3.24	0.01
1604	3.24	0.01
1604.5	3.24	0.01
1605	3.24	0.01
1605.5	3.24	0.01
1606	3.24	0.01
1606.5	3.24	0.01
1607	3.24	0.01
1607.5	3.24	0.01
1608	3.24	0.01
1608.5	3.24	0.01
1609	3.24	0.01
1609.5	3.24	0.01
1610	3.24	0.01
1610.5	3.24	0.01
1611	3.24	0.01
1611.5	3.24	0.01
1612	3.24	0.01
1612.5	3.24	0.01
1613	3.24	0.01
1613.5	3.24	0.01
1614	3.24	0.01
1614.5	3.24	0.01
1615	3.24	0.01
1615.5	3.24	0.01
1616	3.24	0.01
1616.5	3.24	0.01
1617	3.24	0.01
1617.5	3.24	0.01
1618	3.24	0.01
1618.5	3.24	0.01
1619	3.24	0.01
1619.5	3.24	0.01
1620	3.24	0.01
1620.5	3.24	0.01
1621	3.24	0.01
1621.5	3.24	0.01
1622	3.24	0.01
1622.5	3.24	0.01
1623	3.24	0.01
1623.5	3.24	0.01
1624	3.24	0.01
1624.5	3.24	0.01
1625	3.24	0.01
1625.5	3.24	0.01
1626	3.24	0.01
1626.5	3.24	0.01
1627	3.24	0.01
1627.5	3.24	0.01
1628	3.24	0.01
1628.5	3.24	0.01
1629	3.24	0.01
1629.5	3.24	0.01
1630	3.24	0.01
1630.5	3.24	0.01
1631	3.24	0.01
1631.5	3.24	0.01
1632	3.24	0.01
1632.5	3.24	0.01
1633	3.24	0.01
1633.5	3.24	0.01
1634	3.24	0.01
1634.5	3.24	0.01
1635	3.24	0.01
1635.5	3.24	0.01
1636	3.24	0.01
1636.5	3.24	0.01
1637	3.24	0.01
1637.5	3.24	0.01
1638	3.24	0.01
1638.5	3.24	0.01
1639	3.24	0.01
1639.5	3.24	0.01
1640	3.24	0.01
1640.5	3.24	0.01
1641	3.24	0.01
1641.5	3.24	0.01
1642	3.24	0.01
1642.5	3.24	0.01
1643	3.24	0.01
1643.5	3.24	0.01
1644	3.24	0.01
1644.5	3.24	0.01
1645	3.24	0.01
1645.5	3.24	0.01
1646	3.24	0.01
1646.5	3.24	0.01
1647	3.24	0.01
1647.5	3.24	0.01
1648	3.24	0.01
1648.5	3.24	0.01
1649	3.24	0.01
1649.5	3.24	0.01
1650	3.24	0.01
1650.5	3.24	0.01
1651	3.24	0.01
1651.5	3.24	0.01
1652	3.24	0.01
1652.5	3.24	0.01
1653	3.24	0.01
1653.5	3.24	0.01
1654	3.24	0.01
1654.5	3.24	0.01
1655	3.24	0.01
1655.5	3.24	0.01
1656	3.24	0.01
1656.5	3.24	0.01
1657	3.24	0.01
1657.5	3.24	0.01
1658	3.24	0.01
1658.5	3.24	0.01
1659	3.24	0.01
1659.5	3.24	0.01
1660	3.24	0.01
1660.5	3.24	0.01
1661	3.24	0.01
1661.5	3.24	0.01
1662	3.24	0.01
1662.5	3.24	0.01
1663	3.24	0.01
1663.5	3.24	0.01
1664	3.24	0.01
1664.5	3.24	0.01
1665	3.24	0.01
1665.5	3.24	0.01
1666	3.24	0.01
1666.5	3.24	0.01
1667	3.24	0.01
1667.5	3.24	0.01
1668	3.24	0.01
1668.5	3.24	0.01
1669	3.24	0.01
1669.5	3.24	0.01
1670	3.24	0.01
1670.5	3.24	0.01
1671	3.24	0.01
1671.5	3.24	0.01
1672	3.24	0.01
1672.5	3.24	0.01
1673	3.24	0.01
1673.5	3.24	0.01
1674	3.24	0.01
1674.5	3.24	0.01
1675	3.24	0.01
1675.5	3.24	0.01
1676	3.24	0.01
1676.5	3.24	0.01
1677	3.24	0.01
1677.5	3.24	0.01
1678	3.24	0.01
1678.5	3.24	0.01
1679	3.24	0.01
1679.5	3.24	0.01
1680	3.24	0.01
1680.5	3.24	0.01
1681	3.24	0.01
1681.5	3.24	0.01
1682	3.24	0.01
1682.5	3.24	0.01
1683	3.24	0.01
1683.5	3.24	0.01
1684	3.24	0.01
1684.5	3.24	0.01
1685	3.24	0.01
1685.5	3.24	0.01
1686	3.24	0.01
1686.5	3.24	0.01
1687	3.24	0.01
1687.5	3.24	0.01
1688	3.24	0.01
1688.5	3.24	0.01
1689	3.24	0.01
1689.5	3.24	0.01
1690	3.24	0.01
1690.5	3.24	0.01
1691	3.24	0.01
1691.5	3.24	0.01
1692	3.24	0.01
1692.5	3.24	0.01
1693	3.24	0.01
1693.5	3.24	0.01
1694	3.24	0.01
1694.5	3.24	0.01
1695	3.24	0.01
1695.5	3.24	0.01
1696	3.24	0.01
1696.5	3.24	0.01
1697	3.24	0.01
1697.5	3.24	0.01
1698	3.24	0.01
1698.5	3.24	0.01
1699	3.24	0.01
1699.5	3.24	0.01
1700	3.24	0.01
1700.5	3.24	0.01
1701	3.24	0.01
1701.5	3.24	0.01
1702	3.24	0.01
1702.5	3.24	0.01
1703	3.24	0.01
1703.5	3.24	0.01
1704	3.24	0.01
1704.5	3.24	0.01
1705	3.24	0.01
1705.5	3.24	0.01
1706	3.24	0.01
1706.5	3.24	0.01
1707	3.24	0.01
1707.5	3.24	0.01
1708	3.24	0.01
1708.5	3.24	0.01
1709	3.24	0.01
1709.5	3.24	0.01
1710	3.24	0.01
1710.5	3.24	0.01
1711	3.24	0.01
1711.5	3.24	0.01
1712	3.24	0.01
1712.5	3.24	0.01
1713	3.24	0.01
1713.5	3.24	0.01
1714	3.24	0.01
1714.5	3.24	0.01
1715	3.24	0.01
1715.5	3.24	0.01
1716	3.23	0.01
1716.5	3.23	0.01
1717	3.23	0.01
1717.5	3.23	0.01
1718	3.23	0.01
1718.5	3.23	0.01
1719	3.23	0.01
1719.5	3.23	0.01
1720	3.23	0.01
1720.5	3.23	0.01
1721	3.23	0.01
1721.5	3.23	0.01
1722	3.23	0.01
1722.5	3.23	0.01
1723	3.23	0.01
1723.5	3.23	0.01
1724	3.23	0.01
1724.5	3.23	0.01
1725	3.23	0.01
1725.5	3.23	0.01
1726	3.23	0.01
1726.5	3.23	0.01
1727	3.23	0.01
1727.5	3.23	0.01
1728	3.23	0.01
1728.5	3.23	0.01
1729	3.23	0.01
1729.5	3.23	0.01
1730	3.23	0.01
1730.5	3.23	0.01
1731	3.23	0.01
1731.5	3.23	0.01
1732	3.23	0.01
1732.5	3.23	0.01
1733	3.23	0.01
1733.5	3.23	0.01
1734	3.23	0.01
1734.5	3.23	0.01
1735	3.23	0.01
1735.5	3.23	0.01
1736	3.23	0.01
1736.5	3.23	0.01
1737	3.23	0.01
1737.5	3.23	0.01
1738	3.23	0.01
1738.5	3.23	0.01
1739	3.23	0.01
1739.5	3.23	0.01
1740	3.23	0.01
1740.5	3.23	0.01
1741	3.23	0.01
1741.5	3.23	0.01
1742	3.23	0.01
1742.5	3.23	0.01
1743	3.23	0.01
1743.5	3.23	0.01
1744	3.23	0.01
1744.5	3.23	0.01
1745	3.23	0.01
1745.5	3.23	0.01
1746	3.23	0.01
1746.5	3.23	0.01
1747	3.23	0.01
1747.5	3.23	0.01
1748	3.23	0.01
1748.5	3.23	0.01
1749	3.23	0.01
1749.5	3.23	0.01
1750	3.23	0.01
1750.5	3.23	0.01
1751	3.23	0.01
1751.5	3.23	0.01
1752	3.23	0.01
1752.5	3.23	0.01
1753	3.23	0.01
1753.5	3.23	0.01
1754	3.23	0.01
1754.5	3.23	0.01
1755	3.23	0.01
1755.5	3.23	0.01
1756	3.23	0.01
1756.5	3.23	0.01
1757	3.23	0.01
1757.5	3.23	0.01
1758	3.23	0.01
1758.5	3.23	0.01
1759	3.23	0.01
1759.5	3.23	0.01
1760	3.23	0.01
1760.5	3.23	0.01
1761	3.23	0.01
1761.5	3.23	0.01
1762	3.23	0.01
1762.5	3.23	0.01
1763	3.23	0.01
1763.5	3.23	0.01
1764	3.23	0.01
1764.5	3.23	0.01
1765	3.23	0.01
1765.5	3.23	0.01
1766	3.23	0.01
1766.5	3.23	0.01
1767	3.23	0.01
1767.5	3.23	0.01
1768	3.23	0.01
1768.5	3.23	0.01
1769	3.23	0.01
1769.5	3.23	0.01
1770	3.23	0.01
1770.5	3.23	0.01
1771	3.23	0.01
1771.5	3.23	0.01
1772	3.23	0.01
1772.5	3.23	0.01
1773	3.23	0.01
1773.5	3.23	0.01
1774	3.23	0.01
1774.5	3.23	0.01
1775	3.23	0.01
1775.5	3.23	0.01
1776	3.23	0.01
1776.5	3.23	0.01
1777	3.23	0.01
1777.5	3.23	0.01
1778	3.23	0.01
1778.5	3.23	0.01
1779	3.23	0.01
1779.5	3.23	0.01
1780	3.23	0.01
1780.5	3.23	0.01
1781	3.23	0.01
1781.5	3.23	0.01
1782	3.23	0.01
1782.5	3.23	0.01
1783	3.23	0.01
1783.5	3.23	0.01
1784	3.23	0.01
1784.5	3.23	0.01
1785	3.23	0.01
1785.5	3.23	0.01
1786	3.23	0.01
1786.5	3.23	0.01
1787	3.23	0.01
1787.5	3.23	0.01
1788	3.23	0.01
1788.5	3.23	0.01
1789	3.23	0.01
1789.5	3.23	0.01
1790	3.23	0.01
1790.5	3.23	0.01
1791	3.23	0.01
1791.5	3.23	0.01
1792	3.23	0.01
1792.5	3.23	0.01
1793	3.23	0.01
1793.5	3.23	0.01
1794	3.23	0.01
1794.5	3.23	0.01
1795	3.23	0.01
1795.5	3.23	0.01
1796	3.23	0.01
1796.5	3.23	0.01
1797	3.23	0.01
1797.5	3.23	0.01
1798	3.23	0.01
1798.5	3.23	0.01
1799	3.23	0.01
1799.5	3.23	0.01
1800	3.23	0.01
1800.5	3.23	0.01
1801	3.23	0.01
1801.5	3.23	0.01
1802	3.23	0.01
1802.5	3.23	0.01
1803	3.23	0.01
1803.5	3.23	0.01
1804	3.23	0.01
1804.5	3.23	0.01
1805	3.23	0.01
1805.5	3.23	0.01
1806	3.23	0.01
1806.5	3.23	0.01
1807	3.23	0.01
1807.5	3.23	0.01
1808	3.23	0.01
1808.5	3.23	0.01
1809	3.23	0.01
1809.5	3.23	0.01
1810	3.23	0.01
1810.5	3.23	0.01
1811	3.23	0.01
1811.5	3.23	0.01
1812	3.23	0.01
1812.5	3.23	0.01
1813	3.23	0.01
1813.5	3.23	0.01
1814	3.23	0.01
1814.5	3.23	0.01
1815	3.23	0.01
1815.5	3.23	0.01
1816	3.23	0.01
1816.5	3.23	0.01
1817	3.23	0.01
1817.5	3.23	0.01
1818	3.23	0.01
1818.5	3.23	0.01
1819	3.23	0.01
1819.5	3.23	0.01
1820	3.23	0.01
1820.5	3.23	0.01
1821	3.23	0.01
1821.5	3.23	0.01
1822	3.23	0.01
1822.5	3.23	0.01
1823	3.23	0.01
1823.5	3.23	0.01
1824	3.23	0.01
1824.5	3.23	0.01
1825	3.23	0.01
1825.5	3.23	0.01
1826	3.23	0.01
1826.5	3.23	0.01
1827	3.23	0.01
1827.5	3.23	0.01
1828	3.23	0.01
1828.5	3.23	0.01
1829	3.23	0.01
1829.5	3.23	0.01
1830	3.23	0.01
1830.5	3.23	0.01
1831	3.23	0.01
1831.5	3.23	0.01
1832	3.23	0.01
1832.5	3.23	0.01
1833	3.23	0.01
1833.5	3.23	0.01
1834	3.23	0.01
1834.5	3.23	0.01
1835	3.23	0.01
1835.5	3.23	0.01
1836	3.23	0.01
1836.5	3.23	0.01
1837	3.23	0.01
1837.5	3.23	0.01
1838	3.23	0.01
1838.5	3.23	0.01
1839	3.23	0.01
1839.5	3.23	0.01
1840	3.23	0.01
1840.5	3.23	0.01
1841	3.23	0.01
1841.5	3.23	0.01
1842	3.23	0.01
1842.5	3.23	0.01
1843	3.23	0.01
1843.5	3.23	0.01
1844	3.23	0.01
1844.5	3.23	0.01
1845	3.23	0.01
1845.5	3.23	0.01
1846	3.23	0.01
1846.5	3.23	0.01
1847	3.23	0.01
1847.5	3.23	0.01
1848	3.23	0.01
1848.5	3.23	0.01
1849	3.23	0.01
1849.5	3.23	0.01
1850	3.23	0.01
1850.5	3.23	0.01
1851	3.23	0.01
1851.5	3.23	0.01
1852	3.23	0.01
1852.5	3.23	0.01
1853	3.23	0.01
1853.5	3.23	0.01
1854	3.23	0.01
1854.5	3.23	0.01
1855	3.23	0.01
1855.5	3.23	0.01
1856	3.23	0.01
1856.5	3.23	0.01
1857	3.23	0.01
1857.5	3.23	0.01
1858	3.23	0.01
1858.5	3.23	0.01
1859	3.23	0.01
1859.5	3.23	0.01
1860	3.23	0.01
1860.5	3.23	0.01
1861	3.23	0.01
1861.5	3.23	0.01
1862	3.23	0.01
1862.5	3.23	0.01
1863	3.23	0.01
1863.5	3.23	0.01
1864	3.23	0.01
1864.5	3.23	0.01
1865	3.23	0.01
1865.5	3.23	0.01
1866	3.23	0.01
1866.5	3.23	0.01
1867	3.23	0.01
1867.5	3.23	0.01
1868	3.23	0.01
1868.5	3.23	0.01
1869	3.23	0.01
1869.5	3.23	0.01
1870	3.23	0.01
1870.5	3.23	0.01
1871	3.23	0.01
1871.5	3.23	0.01
1872	3.23	0.01
1872.5	3.23	0.01
1873	3.23	0.01
1873.5	3.23	0.01
1874	3.23	0.01
1874.5	3.23	0.01
1875	3.23	0.01
1875.5	3.23	0.01
1876	3.23	0.01
1876.5	3.23	0.01
1877	3.23	0.01
1877.5	3.23	0.01
1878	3.23	0.01
1878.5	3.23	0.01
1879	3.23	0.01
1879.5	3.23	0.01
1880	3.23	0.01
1880.5	3.23	0.01
1881	3.23	0.01
1881.5	3.23	0.01
1882	3.23	0.01
1882.5	3.23	0.01
1883	3.23	0.01
1883.5	3.23	0.01
1884	3.23	0.01
1884.5	3.23	0.01
1885	3.23	0.01
1885.5	3.23	0.01
1886	3.23	0.01
1886.5	3.23	0.01
1887	3.23	0.01
1887.5	3.23	0.01
1888	3.23	0.01
1888.5	3.23	0.01
1889	3.23	0.01
1889.5	3.23	0.01
1890	3.23	0.01
1890.5	3.23	0.01
1891	3.23	0.01
1891.5	3.23	0.01
1892	3.23	0.01
1892.5	3.23	0.01
1893	3.23	0.01
1893.5	3.23	0.01
1894	3.23	0.01
1894.5	3.23	0.01
1895	3.23	0.01
1895.5	3.23	0.01
1896	3.23	0.01
1896.5	3.23	0.01
1897	3.23	0.01
1897.5	3.23	0.01
1898	3.23	0.01
1898.5	3.23	0.01
1899	3.23	0.01
1899.5	3.23	0.01
1900	3.23	0.01
1900.5	3.23	0.01
1901	3.23	0.01
1901.5	3.23	0.01
1902	3.23	0.01
1902.5	3.23	0.01
1903	3.23	0.01
1903.5	3.23	0.01
1904	3.23	0.01
1904.5	3.23	0.01
1905	3.23	0.01
1905.5	3.23	0.01
1906	3.23	0.01
1906.5	3.23	0.01
1907	3.23	0.01
1907.5	3.23	0.01
1908	3.23	0.01
1908.5	3.23	0.01
1909	3.23	0.01
1909.5	3.23	0.01
1910	3.23	0.01
1910.5	3.23	0.01
1911	3.23	0.01
1911.5	3.23	0.01
1912	3.23	0.01
1912.5	3.23	0.01
1913	3.23	0.01
1913.5	3.23	0.01
1914	3.23	0.01
1914.5	3.23	0.01
1915	3.23	0.01
1915.5	3.23	0.01
1916	3.23	0.01
1916.5	3.23	0.01
1917	3.23	0.01
1917.5	3.23	0.01
1918	3.23	0.01
1918.5	3.23	0.01
1919	3.23	0.01
1919.5	3.23	0.01
1920	3.23	0.01
1920.5	3.23	0.01
1921	3.23	0.01
1921.5	3.23	0.01
1922	3.23	0.01
1922.5	3.23	0.01
1923	3.23	0.01
1923.5	3.23	0.01
1924	3.23	0.01
1924.5	3.23	0.01
1925	3.23	0.01
1925.5	3.23	0.01
1926	3.23	0.01
1926.5	3.23	0.01
1927	3.23	0.01
1927.5	3.23	0.01
1928	3.23	0.01
1928.5	3.23	0.01
1929	3.23	0.01
1929.5	3.23	0.01
1930	3.23	0.01
1930.5	3.23	0.01
1931	3.23	0.01
1931.5	3.23	0.01
1932	3.23	0.01
1932.5	3.23	0.01
1933	3.23	0.01
1933.5	3.23	0.01
1934	3.23	0.01
1934.5	3.23	0.01
1935	3.23	0.01
1935.5	3.23	0.01
1936	3.23	0.01
1936.5	3.23	0.01
1937	3.23	0.01
1937.5	3.23	0.01
1938	3.23	0.01
1938.5	3.23	0.01
1939	3.23	0.01
1939.5	3.23	0.01
1940	3.23	0.01
1940.5	3.23	0.01
1941	3.23	0.01
1941.5	3.23	0.01
1942	3.23	0.01
1942.5	3.23	0.01
1943	3.23	0.01
1943.5	3.23	0.01
1944	3.23	0.01
1944.5	3.23	0.01
1945	3.23	0.01
1945.5	3.23	0.01
1946	3.23	0.01
1946.5	3.22	0.01
1947	3.22	0.01
1947.5	3.22	0.01
1948	3.22	0.01
1948.5	3.22	0.01
1949	3.22	0.01
1949.5	3.22	0.01
1950	3.22	0.01
1950.5	3.22	0.01
1951	3.22	0.01
1951.5	3.22	0.01
1952	3.22	0.01
1952.5	3.22	0.01
1953	3.22	0.01
1953.5	3.22	0.01
1954	3.22	0.01
1954.5	3.22	0.01
1955	3.22	0.01
1955.5	3.22	0.01
1956	3.22	0.01
1956.5	3.22	0.01
1957	3.22	0.01
1957.5	3.22	0.01
1958	3.22	0.01
1958.5	3.22	0.01
1959	3.22	0.01
1959.5	3.22	0.01
1960	3.22	0.01
1960.5	3.22	0.01
1961	3.22	0.01
1961.5	3.22	0.01
1962	3.22	0.01
1962.5	3.22	0.01
1963	3.22	0.01
1963.5	3.22	0.01
1964	3.22	0.01
1964.5	3.22	0.01
1965	3.22	0.01
1965.5	3.22	0.01
1966	3.22	0.01
1966.5	3.22	0.01
1967	3.22	0.01
1967.5	3.22	0.01
1968	3.22	0.01
1968.5	3.22	0.01
1969	3.22	0.01
1969.5	3.22	0.01
1970	3.22	0.01
1970.5	3.22	0.01
1971	3.22	0.01
1971.5	3.22	0.01
1972	3.22	0.01
1972.5	3.22	0.01
1973	3.22	0.01
1973.5	3.22	0.01
1974	3.22	0.01
1974.5	3.22	0.01
1975	3.22	0.01
1975.5	3.22	0.01
1976	3.22	0.01
1976.5	3.22	0.01
1977	3.22	0.01
1977.5	3.22	0.01
1978	3.22	0.01
1978.5	3.22	0.01
1979	3.22	0.01
1979.5	3.22	0.01
1980	3.22	0.01
1980.5	3.22	0.01
1981	3.22	0.01
1981.5	3.22	0.01
1982	3.22	0.01
1982.5	3.22	0.01
1983	3.22	0.01
1983.5	3.22	0.01
1984	3.22	0.01
1984.5	3.22	0.01
1985	3.22	0.01
1985.5	3.22	0.01
1986	3.22	0.01
1986.5	3.22	0.01
1987	3.22	0.01
1987.5	3.22	0.01
1988	3.22	0.01
1988.5	3.22	0.01
1989	3.22	0.01
1989.5	3.22	0.01
1990	3.22	0.01
1990.5	3.22	0.01
1991	3.22	0.01
1991.5	3.22	0.01
1992	3.22	0.01
1992.5	3.22	0.01
1993	3.22	0.01
1993.5	3.22	0.01
1994	3.22	0.01
1994.5	3.22	0.01
1995	3.22	0.01
1995.5	3.22	0.01
1996	3.22	0.01
1996.5	3.22	0.01
1997	3.22	0.01
1997.5	3.22	0.01
1998	3.22	0.01
1998.5	3.22	0.01
1999	3.22	0.01
1999.5	3.22	0.01
2000	3.22	0.01

