280	3.99	2.66
280.5	3.99	2.64
281	4	2.61
281.5	4.01	2.58
282	4.01	2.55
282.5	4.01	2.53
283	4	2.51
283.5	3.99	2.48
284	3.99	2.46
284.5	3.98	2.44
285	3.98	2.41
285.5	3.97	2.39
286	3.97	2.37
286.5	3.96	2.34
287	3.95	2.32
287.5	3.95	2.3
288	3.94	2.28
288.5	3.94	2.26
289	3.93	2.24
289.5	3.92	2.23
290	3.91	2.21
290.5	3.9	2.2
291	3.89	2.19
291.5	3.88	2.17
292	3.87	2.16
292.5	3.86	2.14
293	3.85	2.13
293.5	3.84	2.12
294	3.83	2.1
294.5	3.82	2.09
295	3.81	2.07
295.5	3.8	2.06
296	3.8	2.06
296.5	3.79	2.05
297	3.78	2.04
297.5	3.77	2.04
298	3.76	2.03
298.5	3.76	2.02
299	3.75	2.02
299.5	3.74	2.01
300	3.73	2
300.5	3.72	2
301	3.71	1.99
301.5	3.71	1.98
302	3.7	1.97
302.5	3.69	1.97
303	3.68	1.97
303.5	3.68	1.96
304	3.67	1.96
304.5	3.67	1.96
305	3.66	1.95
305.5	3.65	1.95
306	3.65	1.95
306.5	3.64	1.94
307	3.64	1.94
307.5	3.63	1.94
308	3.62	1.93
308.5	3.62	1.93
309	3.61	1.93
309.5	3.61	1.92
310	3.6	1.92
310.5	3.6	1.92
311	3.59	1.92
311.5	3.59	1.92
312	3.58	1.92
312.5	3.58	1.91
313	3.58	1.91
313.5	3.57	1.91
314	3.57	1.91
314.5	3.56	1.91
315	3.56	1.91
315.5	3.56	1.91
316	3.55	1.91
316.5	3.55	1.91
317	3.55	1.91
317.5	3.54	1.9
318	3.54	1.9
318.5	3.54	1.9
319	3.53	1.9
319.5	3.53	1.9
320	3.53	1.91
320.5	3.53	1.91
321	3.52	1.91
321.5	3.52	1.91
322	3.52	1.91
322.5	3.52	1.91
323	3.52	1.91
323.5	3.51	1.91
324	3.51	1.91
324.5	3.51	1.91
325	3.51	1.91
325.5	3.5	1.91
326	3.5	1.91
326.5	3.5	1.91
327	3.5	1.91
327.5	3.5	1.91
328	3.5	1.91
328.5	3.5	1.91
329	3.5	1.92
329.5	3.5	1.92
330	3.49	1.92
330.5	3.49	1.92
331	3.49	1.92
331.5	3.49	1.92
332	3.49	1.92
332.5	3.49	1.92
333	3.49	1.93
333.5	3.49	1.93
334	3.49	1.93
334.5	3.49	1.93
335	3.49	1.93
335.5	3.49	1.93
336	3.49	1.93
336.5	3.49	1.94
337	3.49	1.94
337.5	3.49	1.94
338	3.49	1.94
338.5	3.49	1.94
339	3.49	1.95
339.5	3.49	1.95
340	3.49	1.95
340.5	3.49	1.95
341	3.49	1.95
341.5	3.49	1.95
342	3.49	1.96
342.5	3.49	1.96
343	3.49	1.96
343.5	3.49	1.96
344	3.49	1.96
344.5	3.5	1.97
345	3.5	1.97
345.5	3.5	1.97
346	3.5	1.97
346.5	3.5	1.98
347	3.5	1.98
347.5	3.51	1.98
348	3.51	1.98
348.5	3.51	1.99
349	3.51	1.99
349.5	3.51	1.99
350	3.52	1.99
350.5	3.52	1.99
351	3.52	2
351.5	3.52	2
352	3.52	2
352.5	3.52	2
353	3.53	2.01
353.5	3.53	2.01
354	3.53	2.01
354.5	3.53	2.01
355	3.54	2.02
355.5	3.54	2.02
356	3.54	2.02
356.5	3.55	2.03
357	3.55	2.03
357.5	3.55	2.03
358	3.55	2.04
358.5	3.56	2.04
359	3.56	2.04
359.5	3.56	2.04
360	3.57	2.05
360.5	3.57	2.05
361	3.57	2.05
361.5	3.58	2.06
362	3.58	2.06
362.5	3.58	2.06
363	3.59	2.07
363.5	3.59	2.07
364	3.59	2.07
364.5	3.6	2.08
365	3.6	2.08
365.5	3.6	2.08
366	3.61	2.09
366.5	3.61	2.09
367	3.62	2.09
367.5	3.63	2.1
368	3.63	2.1
368.5	3.64	2.11
369	3.64	2.11
369.5	3.65	2.11
370	3.65	2.12
370.5	3.66	2.12
371	3.66	2.13
371.5	3.67	2.13
372	3.67	2.13
372.5	3.68	2.14
373	3.68	2.14
373.5	3.69	2.14
374	3.69	2.15
374.5	3.7	2.15
375	3.7	2.16
375.5	3.71	2.16
376	3.71	2.17
376.5	3.72	2.17
377	3.73	2.18
377.5	3.74	2.18
378	3.75	2.19
378.5	3.76	2.19
379	3.77	2.2
379.5	3.78	2.2
380	3.79	2.21
380.5	3.8	2.21
381	3.81	2.22
381.5	3.82	2.22
382	3.83	2.23
382.5	3.84	2.23
383	3.85	2.24
383.5	3.86	2.25
384	3.87	2.25
384.5	3.88	2.26
385	3.89	2.26
385.5	3.9	2.27
386	3.91	2.27
386.5	3.92	2.28
387	3.93	2.28
387.5	3.94	2.29
388	3.96	2.28
388.5	3.97	2.28
389	3.99	2.27
389.5	4.01	2.26
390	4.03	2.26
390.5	4.04	2.25
391	4.06	2.25
391.5	4.08	2.24
392	4.1	2.24
392.5	4.11	2.23
393	4.13	2.22
393.5	4.15	2.22
394	4.17	2.21
394.5	4.18	2.21
395	4.2	2.2
395.5	4.22	2.2
396	4.24	2.19
396.5	4.25	2.19
397	4.27	2.18
397.5	4.29	2.17
398	4.31	2.17
398.5	4.32	2.16
399	4.34	2.16
399.5	4.36	2.15
400	4.37	2.15
400.5	4.38	2.14
401	4.38	2.13
401.5	4.39	2.12
402	4.39	2.12
402.5	4.4	2.11
403	4.4	2.1
403.5	4.41	2.09
404	4.41	2.09
404.5	4.42	2.08
405	4.42	2.07
405.5	4.43	2.06
406	4.43	2.06
406.5	4.44	2.05
407	4.45	2.04
407.5	4.45	2.03
408	4.46	2.03
408.5	4.46	2.02
409	4.47	2.01
409.5	4.47	2
410	4.48	2
410.5	4.48	1.99
411	4.49	1.98
411.5	4.49	1.97
412	4.5	1.97
412.5	4.5	1.96
413	4.51	1.95
413.5	4.52	1.94
414	4.54	1.94
414.5	4.56	1.93
415	4.57	1.92
415.5	4.59	1.91
416	4.61	1.9
416.5	4.63	1.9
417	4.65	1.89
417.5	4.67	1.88
418	4.69	1.87
418.5	4.71	1.86
419	4.73	1.86
419.5	4.75	1.85
420	4.77	1.84
420.5	4.78	1.83
421	4.8	1.82
421.5	4.82	1.82
422	4.84	1.81
422.5	4.86	1.8
423	4.88	1.79
423.5	4.9	1.79
424	4.92	1.78
424.5	4.94	1.77
425	4.96	1.76
425.5	4.98	1.75
426	4.99	1.75
426.5	5.01	1.74
427	5.03	1.73
427.5	5.05	1.72
428	5.05	1.7
428.5	5.05	1.67
429	5.04	1.65
429.5	5.04	1.63
430	5.04	1.6
430.5	5.03	1.58
431	5.03	1.55
431.5	5.03	1.53
432	5.02	1.51
432.5	5.02	1.48
433	5.02	1.46
433.5	5.02	1.44
434	5.01	1.41
434.5	5.01	1.39
435	5.01	1.36
435.5	5	1.34
436	5	1.32
436.5	5	1.29
437	4.99	1.27
437.5	4.99	1.24
438	4.99	1.22
438.5	4.99	1.2
439	4.98	1.17
439.5	4.98	1.15
440	4.98	1.12
440.5	4.97	1.1
441	4.97	1.08
441.5	4.97	1.05
442	4.96	1.03
442.5	4.96	1
443	4.96	0.99
443.5	4.95	0.98
444	4.94	0.97
444.5	4.93	0.96
445	4.92	0.95
445.5	4.92	0.94
446	4.91	0.93
446.5	4.9	0.92
447	4.89	0.92
447.5	4.88	0.91
448	4.87	0.9
448.5	4.87	0.89
449	4.86	0.88
449.5	4.85	0.87
450	4.84	0.86
450.5	4.83	0.85
451	4.83	0.84
451.5	4.82	0.83
452	4.81	0.83
452.5	4.8	0.82
453	4.79	0.81
453.5	4.79	0.8
454	4.78	0.79
454.5	4.77	0.78
455	4.76	0.77
455.5	4.75	0.76
456	4.75	0.75
456.5	4.74	0.74
457	4.73	0.74
457.5	4.72	0.73
458	4.71	0.72
458.5	4.71	0.71
459	4.7	0.7
459.5	4.69	0.69
460	4.68	0.69
460.5	4.68	0.68
461	4.67	0.68
461.5	4.67	0.68
462	4.66	0.67
462.5	4.66	0.67
463	4.65	0.66
463.5	4.64	0.66
464	4.64	0.65
464.5	4.63	0.65
465	4.63	0.64
465.5	4.62	0.64
466	4.62	0.64
466.5	4.61	0.63
467	4.6	0.63
467.5	4.6	0.62
468	4.59	0.62
468.5	4.59	0.61
469	4.58	0.61
469.5	4.58	0.6
470	4.57	0.6
470.5	4.56	0.6
471	4.56	0.59
471.5	4.55	0.59
472	4.55	0.58
472.5	4.54	0.58
473	4.54	0.57
473.5	4.53	0.57
474	4.52	0.56
474.5	4.52	0.56
475	4.51	0.56
475.5	4.51	0.55
476	4.5	0.55
476.5	4.5	0.54
477	4.49	0.54
477.5	4.49	0.54
478	4.48	0.53
478.5	4.48	0.53
479	4.47	0.53
479.5	4.47	0.53
480	4.47	0.52
480.5	4.46	0.52
481	4.46	0.52
481.5	4.45	0.52
482	4.45	0.51
482.5	4.44	0.51
483	4.44	0.51
483.5	4.44	0.5
484	4.43	0.5
484.5	4.43	0.5
485	4.42	0.5
485.5	4.42	0.49
486	4.42	0.49
486.5	4.41	0.49
487	4.41	0.49
487.5	4.4	0.48
488	4.4	0.48
488.5	4.39	0.48
489	4.39	0.48
489.5	4.39	0.47
490	4.38	0.47
490.5	4.38	0.47
491	4.37	0.47
491.5	4.37	0.46
492	4.37	0.46
492.5	4.36	0.46
493	4.36	0.46
493.5	4.35	0.45
494	4.35	0.45
494.5	4.34	0.45
495	4.34	0.45
495.5	4.34	0.44
496	4.33	0.44
496.5	4.33	0.44
497	4.33	0.44
497.5	4.32	0.44
498	4.32	0.43
498.5	4.32	0.43
499	4.31	0.43
499.5	4.31	0.43
500	4.31	0.43
500.5	4.3	0.43
501	4.3	0.42
501.5	4.3	0.42
502	4.3	0.42
502.5	4.29	0.42
503	4.29	0.42
503.5	4.29	0.42
504	4.28	0.41
504.5	4.28	0.41
505	4.28	0.41
505.5	4.27	0.41
506	4.27	0.41
506.5	4.27	0.41
507	4.26	0.4
507.5	4.26	0.4
508	4.26	0.4
508.5	4.26	0.4
509	4.25	0.4
509.5	4.25	0.39
510	4.25	0.39
510.5	4.24	0.39
511	4.24	0.39
511.5	4.24	0.39
512	4.23	0.39
512.5	4.23	0.38
513	4.23	0.38
513.5	4.22	0.38
514	4.22	0.38
514.5	4.22	0.38
515	4.21	0.38
515.5	4.21	0.37
516	4.21	0.37
516.5	4.21	0.37
517	4.2	0.37
517.5	4.2	0.37
518	4.2	0.37
518.5	4.2	0.37
519	4.19	0.37
519.5	4.19	0.36
520	4.19	0.36
520.5	4.19	0.36
521	4.18	0.36
521.5	4.18	0.36
522	4.18	0.36
522.5	4.18	0.36
523	4.17	0.36
523.5	4.17	0.36
524	4.17	0.35
524.5	4.17	0.35
525	4.17	0.35
525.5	4.16	0.35
526	4.16	0.35
526.5	4.16	0.35
527	4.16	0.35
527.5	4.15	0.35
528	4.15	0.35
528.5	4.15	0.34
529	4.15	0.34
529.5	4.14	0.34
530	4.14	0.34
530.5	4.14	0.34
531	4.14	0.34
531.5	4.14	0.34
532	4.13	0.34
532.5	4.13	0.33
533	4.13	0.33
533.5	4.13	0.33
534	4.12	0.33
534.5	4.12	0.33
535	4.12	0.33
535.5	4.12	0.33
536	4.11	0.33
536.5	4.11	0.33
537	4.11	0.32
537.5	4.11	0.32
538	4.1	0.32
538.5	4.1	0.32
539	4.1	0.32
539.5	4.1	0.32
540	4.1	0.32
540.5	4.09	0.32
541	4.09	0.32
541.5	4.09	0.32
542	4.09	0.31
542.5	4.09	0.31
543	4.09	0.31
543.5	4.08	0.31
544	4.08	0.31
544.5	4.08	0.31
545	4.08	0.31
545.5	4.08	0.31
546	4.08	0.31
546.5	4.07	0.31
547	4.07	0.31
547.5	4.07	0.3
548	4.07	0.3
548.5	4.07	0.3
549	4.06	0.3
549.5	4.06	0.3
550	4.06	0.3
550.5	4.06	0.3
551	4.06	0.3
551.5	4.06	0.3
552	4.05	0.3
552.5	4.05	0.3
553	4.05	0.29
553.5	4.05	0.29
554	4.05	0.29
554.5	4.05	0.29
555	4.04	0.29
555.5	4.04	0.29
556	4.04	0.29
556.5	4.04	0.29
557	4.04	0.29
557.5	4.03	0.29
558	4.03	0.29
558.5	4.03	0.29
559	4.03	0.28
559.5	4.03	0.28
560	4.03	0.28
560.5	4.02	0.28
561	4.02	0.28
561.5	4.02	0.28
562	4.02	0.28
562.5	4.02	0.28
563	4.01	0.28
563.5	4.01	0.28
564	4.01	0.28
564.5	4.01	0.27
565	4.01	0.27
565.5	4.01	0.27
566	4.01	0.27
566.5	4	0.27
567	4	0.27
567.5	4	0.27
568	4	0.27
568.5	4	0.27
569	4	0.27
569.5	4	0.27
570	4	0.27
570.5	3.99	0.27
571	3.99	0.27
571.5	3.99	0.27
572	3.99	0.26
572.5	3.99	0.26
573	3.99	0.26
573.5	3.99	0.26
574	3.98	0.26
574.5	3.98	0.26
575	3.98	0.26
575.5	3.98	0.26
576	3.98	0.26
576.5	3.98	0.26
577	3.98	0.26
577.5	3.98	0.26
578	3.97	0.26
578.5	3.97	0.26
579	3.97	0.26
579.5	3.97	0.25
580	3.97	0.25
580.5	3.97	0.25
581	3.97	0.25
581.5	3.96	0.25
582	3.96	0.25
582.5	3.96	0.25
583	3.96	0.25
583.5	3.96	0.25
584	3.96	0.25
584.5	3.96	0.25
585	3.95	0.25
585.5	3.95	0.25
586	3.95	0.25
586.5	3.95	0.25
587	3.95	0.24
587.5	3.95	0.24
588	3.95	0.24
588.5	3.95	0.24
589	3.94	0.24
589.5	3.94	0.24
590	3.94	0.24
590.5	3.94	0.24
591	3.94	0.24
591.5	3.94	0.24
592	3.94	0.24
592.5	3.94	0.24
593	3.93	0.24
593.5	3.93	0.24
594	3.93	0.24
594.5	3.93	0.24
595	3.93	0.24
595.5	3.93	0.23
596	3.93	0.23
596.5	3.93	0.23
597	3.93	0.23
597.5	3.93	0.23
598	3.92	0.23
598.5	3.92	0.23
599	3.92	0.23
599.5	3.92	0.23
600	3.92	0.23
600.5	3.92	0.23
601	3.92	0.23
601.5	3.92	0.23
602	3.92	0.23
602.5	3.91	0.23
603	3.91	0.23
603.5	3.91	0.23
604	3.91	0.23
604.5	3.91	0.23
605	3.91	0.23
605.5	3.91	0.23
606	3.91	0.22
606.5	3.91	0.22
607	3.91	0.22
607.5	3.9	0.22
608	3.9	0.22
608.5	3.9	0.22
609	3.9	0.22
609.5	3.9	0.22
610	3.9	0.22
610.5	3.9	0.22
611	3.9	0.22
611.5	3.9	0.22
612	3.89	0.22
612.5	3.89	0.22
613	3.89	0.22
613.5	3.89	0.22
614	3.89	0.22
614.5	3.89	0.22
615	3.89	0.22
615.5	3.89	0.22
616	3.89	0.21
616.5	3.89	0.21
617	3.88	0.21
617.5	3.88	0.21
618	3.88	0.21
618.5	3.88	0.21
619	3.88	0.21
619.5	3.88	0.21
620	3.88	0.21
620.5	3.88	0.21
621	3.88	0.21
621.5	3.88	0.21
622	3.87	0.21
622.5	3.87	0.21
623	3.87	0.21
623.5	3.87	0.21
624	3.87	0.21
624.5	3.87	0.21
625	3.87	0.21
625.5	3.87	0.21
626	3.87	0.21
626.5	3.87	0.2
627	3.87	0.2
627.5	3.87	0.2
628	3.87	0.2
628.5	3.86	0.2
629	3.86	0.2
629.5	3.86	0.2
630	3.86	0.2
630.5	3.86	0.2
631	3.86	0.2
631.5	3.86	0.2
632	3.86	0.2
632.5	3.86	0.2
633	3.86	0.2
633.5	3.86	0.2
634	3.86	0.2
634.5	3.85	0.2
635	3.85	0.2
635.5	3.85	0.2
636	3.85	0.2
636.5	3.85	0.19
637	3.85	0.19
637.5	3.85	0.19
638	3.85	0.19
638.5	3.85	0.19
639	3.85	0.19
639.5	3.85	0.19
640	3.85	0.19
640.5	3.85	0.19
641	3.84	0.19
641.5	3.84	0.19
642	3.84	0.19
642.5	3.84	0.19
643	3.84	0.19
643.5	3.84	0.19
644	3.84	0.19
644.5	3.84	0.19
645	3.84	0.19
645.5	3.84	0.19
646	3.84	0.19
646.5	3.84	0.18
647	3.83	0.18
647.5	3.83	0.18
648	3.83	0.18
648.5	3.83	0.18
649	3.83	0.18
649.5	3.83	0.18
650	3.83	0.18
650.5	3.83	0.18
651	3.83	0.18
651.5	3.83	0.18
652	3.83	0.18
652.5	3.83	0.18
653	3.83	0.18
653.5	3.82	0.18
654	3.82	0.18
654.5	3.82	0.18
655	3.82	0.18
655.5	3.82	0.18
656	3.82	0.18
656.5	3.82	0.18
657	3.82	0.18
657.5	3.82	0.18
658	3.82	0.17
658.5	3.82	0.17
659	3.82	0.17
659.5	3.82	0.17
660	3.82	0.17
660.5	3.82	0.17
661	3.82	0.17
661.5	3.82	0.17
662	3.82	0.17
662.5	3.81	0.17
663	3.81	0.17
663.5	3.81	0.17
664	3.81	0.17
664.5	3.81	0.17
665	3.81	0.17
665.5	3.81	0.17
666	3.81	0.17
666.5	3.81	0.17
667	3.81	0.17
667.5	3.81	0.17
668	3.81	0.17
668.5	3.81	0.17
669	3.81	0.17
669.5	3.81	0.17
670	3.81	0.17
670.5	3.81	0.17
671	3.81	0.16
671.5	3.8	0.16
672	3.8	0.16
672.5	3.8	0.16
673	3.8	0.16
673.5	3.8	0.16
674	3.8	0.16
674.5	3.8	0.16
675	3.8	0.16
675.5	3.8	0.16
676	3.8	0.16
676.5	3.8	0.16
677	3.8	0.16
677.5	3.8	0.16
678	3.8	0.16
678.5	3.8	0.16
679	3.8	0.16
679.5	3.8	0.16
680	3.79	0.16
680.5	3.79	0.16
681	3.79	0.16
681.5	3.79	0.16
682	3.79	0.16
682.5	3.79	0.16
683	3.79	0.16
683.5	3.79	0.16
684	3.79	0.15
684.5	3.79	0.15
685	3.79	0.15
685.5	3.79	0.15
686	3.79	0.15
686.5	3.79	0.15
687	3.79	0.15
687.5	3.79	0.15
688	3.79	0.15
688.5	3.79	0.15
689	3.78	0.15
689.5	3.78	0.15
690	3.78	0.15
690.5	3.78	0.15
691	3.78	0.15
691.5	3.78	0.15
692	3.78	0.15
692.5	3.78	0.15
693	3.78	0.15
693.5	3.78	0.15
694	3.78	0.15
694.5	3.78	0.15
695	3.78	0.15
695.5	3.78	0.14
696	3.78	0.14
696.5	3.78	0.14
697	3.78	0.14
697.5	3.78	0.14
698	3.78	0.14
698.5	3.77	0.14
699	3.77	0.14
699.5	3.77	0.14
700	3.77	0.14
700.5	3.77	0.14
701	3.77	0.14
701.5	3.77	0.14
702	3.77	0.14
702.5	3.77	0.14
703	3.77	0.14
703.5	3.77	0.14
704	3.77	0.14
704.5	3.77	0.14
705	3.77	0.14
705.5	3.77	0.13
706	3.77	0.13
706.5	3.77	0.13
707	3.77	0.13
707.5	3.77	0.13
708	3.76	0.13
708.5	3.76	0.13
709	3.76	0.13
709.5	3.76	0.13
710	3.76	0.13
710.5	3.76	0.13
711	3.76	0.13
711.5	3.76	0.13
712	3.76	0.13
712.5	3.76	0.13
713	3.76	0.13
713.5	3.76	0.13
714	3.76	0.13
714.5	3.76	0.13
715	3.76	0.13
715.5	3.76	0.13
716	3.76	0.12
716.5	3.76	0.12
717	3.76	0.12
717.5	3.75	0.12
718	3.75	0.12
718.5	3.75	0.12
719	3.75	0.12
719.5	3.75	0.12
720	3.75	0.12
720.5	3.75	0.12
721	3.75	0.12
721.5	3.75	0.12
722	3.75	0.12
722.5	3.75	0.12
723	3.75	0.12
723.5	3.75	0.12
724	3.75	0.12
724.5	3.75	0.12
725	3.75	0.12
725.5	3.75	0.12
726	3.75	0.12
726.5	3.74	0.11
727	3.74	0.11
727.5	3.74	0.11
728	3.74	0.11
728.5	3.74	0.11
729	3.74	0.11
729.5	3.74	0.11
730	3.74	0.11
730.5	3.74	0.11
731	3.74	0.11
731.5	3.74	0.11
732	3.74	0.11
732.5	3.74	0.11
733	3.74	0.11
733.5	3.74	0.11
734	3.74	0.11
734.5	3.74	0.11
735	3.74	0.11
735.5	3.74	0.11
736	3.74	0.11
736.5	3.74	0.11
737	3.73	0.11
737.5	3.73	0.11
738	3.73	0.11
738.5	3.73	0.11
739	3.73	0.11
739.5	3.73	0.11
740	3.73	0.11
740.5	3.73	0.11
741	3.73	0.11
741.5	3.73	0.11
742	3.73	0.11
742.5	3.73	0.11
743	3.73	0.11
743.5	3.73	0.11
744	3.73	0.11
744.5	3.73	0.1
745	3.73	0.1
745.5	3.73	0.1
746	3.73	0.1
746.5	3.73	0.1
747	3.73	0.1
747.5	3.73	0.1
748	3.72	0.1
748.5	3.72	0.1
749	3.72	0.1
749.5	3.72	0.1
750	3.72	0.1
750.5	3.72	0.1
751	3.72	0.1
751.5	3.72	0.1
752	3.72	0.1
752.5	3.72	0.1
753	3.72	0.1
753.5	3.72	0.1
754	3.72	0.1
754.5	3.72	0.1
755	3.72	0.1
755.5	3.72	0.1
756	3.72	0.1
756.5	3.72	0.1
757	3.72	0.1
757.5	3.72	0.1
758	3.72	0.1
758.5	3.72	0.1
759	3.71	0.1
759.5	3.71	0.1
760	3.71	0.1
760.5	3.71	0.1
761	3.71	0.1
761.5	3.71	0.1
762	3.71	0.1
762.5	3.71	0.1
763	3.71	0.1
763.5	3.71	0.1
764	3.71	0.1
764.5	3.71	0.1
765	3.71	0.1
765.5	3.71	0.1
766	3.71	0.1
766.5	3.71	0.09
767	3.71	0.09
767.5	3.71	0.09
768	3.71	0.09
768.5	3.71	0.09
769	3.71	0.09
769.5	3.7	0.09
770	3.7	0.09
770.5	3.7	0.09
771	3.7	0.09
771.5	3.7	0.09
772	3.7	0.09
772.5	3.7	0.09
773	3.7	0.09
773.5	3.7	0.09
774	3.7	0.09
774.5	3.7	0.09
775	3.7	0.09
775.5	3.7	0.09
776	3.7	0.09
776.5	3.7	0.09
777	3.7	0.09
777.5	3.7	0.09
778	3.7	0.09
778.5	3.7	0.09
779	3.7	0.09
779.5	3.7	0.09
780	3.7	0.09
780.5	3.7	0.09
781	3.7	0.09
781.5	3.7	0.09
782	3.7	0.09
782.5	3.69	0.09
783	3.69	0.09
783.5	3.69	0.09
784	3.69	0.09
784.5	3.69	0.09
785	3.69	0.09
785.5	3.69	0.09
786	3.69	0.09
786.5	3.69	0.09
787	3.69	0.09
787.5	3.69	0.09
788	3.69	0.09
788.5	3.69	0.09
789	3.69	0.09
789.5	3.69	0.09
790	3.69	0.09
790.5	3.69	0.09
791	3.69	0.09
791.5	3.69	0.09
792	3.69	0.09
792.5	3.69	0.09
793	3.69	0.09
793.5	3.69	0.09
794	3.69	0.09
794.5	3.69	0.09
795	3.69	0.09
795.5	3.69	0.09
796	3.69	0.09
796.5	3.69	0.09
797	3.69	0.09
797.5	3.69	0.09
798	3.68	0.09
798.5	3.68	0.09
799	3.68	0.09
799.5	3.68	0.09
800	3.68	0.09
800.5	3.68	0.09
801	3.68	0.09
801.5	3.68	0.09
802	3.68	0.09
802.5	3.68	0.09
803	3.68	0.09
803.5	3.68	0.08
804	3.68	0.08
804.5	3.68	0.08
805	3.68	0.08
805.5	3.68	0.08
806	3.68	0.08
806.5	3.68	0.08
807	3.68	0.08
807.5	3.68	0.08
808	3.68	0.08
808.5	3.68	0.08
809	3.68	0.08
809.5	3.68	0.08
810	3.68	0.08
810.5	3.68	0.08
811	3.68	0.08
811.5	3.68	0.08
812	3.68	0.08
812.5	3.68	0.08
813	3.67	0.08
813.5	3.67	0.08
814	3.67	0.08
814.5	3.67	0.08
815	3.67	0.08
815.5	3.67	0.08
816	3.67	0.08
816.5	3.67	0.08
817	3.67	0.08
817.5	3.67	0.08
818	3.67	0.08
818.5	3.67	0.08
819	3.67	0.08
819.5	3.67	0.08
820	3.67	0.08
820.5	3.67	0.08
821	3.67	0.08
821.5	3.67	0.08
822	3.67	0.08
822.5	3.67	0.08
823	3.67	0.08
823.5	3.67	0.08
824	3.67	0.08
824.5	3.67	0.08
825	3.67	0.08
825.5	3.67	0.08
826	3.67	0.08
826.5	3.67	0.08
827	3.67	0.08
827.5	3.67	0.08
828	3.66	0.08
828.5	3.66	0.08
829	3.66	0.08
829.5	3.66	0.08
830	3.66	0.08
830.5	3.66	0.07
831	3.66	0.07
831.5	3.66	0.07
832	3.66	0.07
832.5	3.66	0.07
833	3.66	0.07
833.5	3.66	0.07
834	3.66	0.07
834.5	3.66	0.07
835	3.66	0.07
835.5	3.66	0.07
836	3.66	0.07
836.5	3.66	0.07
837	3.66	0.07
837.5	3.66	0.07
838	3.66	0.06
838.5	3.66	0.06
839	3.66	0.06
839.5	3.65	0.06
840	3.65	0.06
840.5	3.65	0.06
841	3.65	0.06
841.5	3.65	0.06
842	3.65	0.06
842.5	3.65	0.06
843	3.65	0.06
843.5	3.65	0.06
844	3.65	0.06
844.5	3.65	0.06
845	3.65	0.06
845.5	3.65	0.05
846	3.65	0.05
846.5	3.65	0.05
847	3.65	0.05
847.5	3.65	0.05
848	3.65	0.05
848.5	3.65	0.05
849	3.65	0.05
849.5	3.65	0.05
850	3.65	0.05
850.5	3.64	0.05
851	3.64	0.05
851.5	3.64	0.05
852	3.64	0.05
852.5	3.64	0.05
853	3.64	0.04
853.5	3.64	0.04
854	3.64	0.04
854.5	3.64	0.04
855	3.64	0.04
855.5	3.64	0.04
856	3.64	0.04
856.5	3.64	0.04
857	3.64	0.04
857.5	3.64	0.04
858	3.64	0.04
858.5	3.64	0.04
859	3.64	0.04
859.5	3.64	0.04
860	3.64	0.04
860.5	3.64	0.03
861	3.64	0.03
861.5	3.64	0.03
862	3.63	0.03
862.5	3.63	0.03
863	3.63	0.03
863.5	3.63	0.03
864	3.63	0.03
864.5	3.63	0.03
865	3.63	0.03
865.5	3.63	0.03
866	3.63	0.03
866.5	3.63	0.03
867	3.63	0.03
867.5	3.63	0.03
868	3.63	0.03
868.5	3.63	0.02
869	3.63	0.02
869.5	3.63	0.02
870	3.63	0.02
870.5	3.63	0.02
871	3.63	0.02
871.5	3.63	0.02
872	3.63	0.02
872.5	3.63	0.02
873	3.63	0.02
873.5	3.62	0.02
874	3.62	0.02
874.5	3.62	0.02
875	3.62	0.02
875.5	3.62	0.02
876	3.62	0.01
876.5	3.62	0.01
877	3.62	0.01
877.5	3.62	0.01
878	3.62	0.01
878.5	3.62	0.01
879	3.62	0.01
879.5	3.62	0.01
880	3.62	0.01
880.5	3.62	0.01
881	3.62	0.01
881.5	3.62	0.01
882	3.62	0.01
882.5	3.62	0.01
883	3.62	0.01
883.5	3.62	0
884	3.62	0
884.5	3.61	0
885	3.61	0
885.5	3.61	0
886	3.61	0
886.5	3.61	0
887	3.61	0
887.5	3.61	0
888	3.61	0
888.5	3.61	0
889	3.61	0
889.5	3.61	0
890	3.61	0
890.5	3.61	0
891	3.61	0
891.5	3.61	0
892	3.61	0
892.5	3.61	0
893	3.61	0
893.5	3.61	0
894	3.6	0
894.5	3.6	0
895	3.6	0
895.5	3.6	0
896	3.6	0
896.5	3.6	0
897	3.6	0
897.5	3.6	0
898	3.6	0
898.5	3.6	0
899	3.6	0
899.5	3.6	0
900	3.6	0
900.5	3.6	0
901	3.6	0
901.5	3.6	0
902	3.6	0
902.5	3.6	0
903	3.59	0
903.5	3.59	0
904	3.59	0
904.5	3.59	0
905	3.59	0
905.5	3.59	0
906	3.59	0
906.5	3.59	0
907	3.59	0
907.5	3.59	0
908	3.59	0
908.5	3.59	0
909	3.59	0
909.5	3.59	0
910	3.59	0
910.5	3.59	0
911	3.59	0
911.5	3.59	0
912	3.58	0
912.5	3.58	0
913	3.58	0
913.5	3.58	0
914	3.58	9.91E-04
914.5	3.58	9.78E-04
915	3.58	9.66E-04
915.5	3.58	9.53E-04
916	3.58	9.41E-04
916.5	3.58	9.28E-04
917	3.58	9.16E-04
917.5	3.58	9.03E-04
918	3.58	8.91E-04
918.5	3.58	8.78E-04
919	3.58	8.66E-04
919.5	3.58	8.53E-04
920	3.58	8.41E-04
920.5	3.58	8.28E-04
921	3.57	8.16E-04
921.5	3.57	8.03E-04
922	3.57	7.91E-04
922.5	3.57	7.78E-04
923	3.57	7.66E-04
923.5	3.57	7.53E-04
924	3.57	7.41E-04
924.5	3.57	7.28E-04
925	3.57	7.16E-04
925.5	3.57	7.04E-04
926	3.57	6.91E-04
926.5	3.57	6.79E-04
927	3.57	6.66E-04
927.5	3.57	6.54E-04
928	3.57	6.41E-04
928.5	3.57	6.29E-04
929	3.57	6.16E-04
929.5	3.57	6.04E-04
930	3.56	5.91E-04
930.5	3.56	5.79E-04
931	3.56	5.66E-04
931.5	3.56	5.54E-04
932	3.56	5.41E-04
932.5	3.56	5.29E-04
933	3.56	5.16E-04
933.5	3.56	5.04E-04
934	3.56	4.91E-04
934.5	3.56	4.79E-04
935	3.56	4.66E-04
935.5	3.56	4.54E-04
936	3.56	4.41E-04
936.5	3.56	4.29E-04
937	3.56	4.17E-04
937.5	3.56	4.04E-04
938	3.56	3.92E-04
938.5	3.56	3.79E-04
939	3.56	3.67E-04
939.5	3.55	3.54E-04
940	3.55	3.42E-04
940.5	3.55	3.29E-04
941	3.55	3.17E-04
941.5	3.55	3.04E-04
942	3.55	2.92E-04
942.5	3.55	2.79E-04
943	3.55	2.67E-04
943.5	3.55	2.54E-04
944	3.55	2.42E-04
944.5	3.55	2.29E-04
945	3.55	2.17E-04
945.5	3.55	2.04E-04
946	3.55	1.92E-04
946.5	3.55	1.79E-04
947	3.55	1.67E-04
947.5	3.55	1.54E-04
948	3.55	1.42E-04
948.5	3.54	1.30E-04
949	3.54	1.17E-04
949.5	3.54	1.05E-04
950	3.54	9.21E-05
950.5	3.54	7.96E-05
951	3.54	6.71E-05
951.5	3.54	5.47E-05
952	3.54	4.22E-05
952.5	3.54	2.97E-05
953	3.54	1.72E-05
953.5	3.54	4.74E-06
954	3.54	0
954.5	3.54	0
955	3.54	0
955.5	3.54	0
956	3.54	0
956.5	3.54	0
957	3.54	0
957.5	3.54	0
958	3.54	0
958.5	3.54	0
959	3.54	0
959.5	3.54	0
960	3.54	0
960.5	3.53	0
961	3.53	0
961.5	3.53	0
962	3.53	0
962.5	3.53	0
963	3.53	0
963.5	3.53	0
964	3.53	0
964.5	3.53	0
965	3.53	0
965.5	3.53	0
966	3.53	0
966.5	3.53	0
967	3.53	0
967.5	3.53	0
968	3.53	0
968.5	3.53	0
969	3.53	0
969.5	3.53	0
970	3.53	0
970.5	3.53	0
971	3.53	0
971.5	3.53	0
972	3.53	0
972.5	3.53	0
973	3.53	0
973.5	3.53	0
974	3.53	0
974.5	3.53	0
975	3.53	0
975.5	3.53	0
976	3.53	0
976.5	3.53	0
977	3.53	0
977.5	3.52	0
978	3.52	0
978.5	3.52	0
979	3.52	0
979.5	3.52	0
980	3.52	0
980.5	3.52	0
981	3.52	0
981.5	3.52	0
982	3.52	0
982.5	3.52	0
983	3.52	0
983.5	3.52	0
984	3.52	0
984.5	3.52	0
985	3.52	0
985.5	3.52	0
986	3.52	0
986.5	3.52	0
987	3.52	0
987.5	3.52	0
988	3.52	0
988.5	3.52	0
989	3.52	0
989.5	3.52	0
990	3.52	0
990.5	3.52	0
991	3.52	0
991.5	3.52	0
992	3.52	0
992.5	3.52	0
993	3.52	0
993.5	3.52	0
994	3.52	0
994.5	3.51	0
995	3.51	0
995.5	3.51	0
996	3.51	0
996.5	3.51	0
997	3.51	0
997.5	3.51	0
998	3.51	0
998.5	3.51	0
999	3.51	0
999.5	3.51	0
1000	3.51	0
1000.5	3.51	0
1001	3.51	0
1001.5	3.51	0
1002	3.51	0
1002.5	3.51	0
1003	3.51	0
1003.5	3.51	0
1004	3.51	0
1004.5	3.51	0
1005	3.51	0
1005.5	3.51	0
1006	3.51	0
1006.5	3.51	0
1007	3.51	0
1007.5	3.51	0
1008	3.51	0
1008.5	3.51	0
1009	3.51	0
1009.5	3.51	0
1010	3.51	0
1010.5	3.51	0
1011	3.51	0
1011.5	3.5	0
1012	3.5	0
1012.5	3.5	0
1013	3.5	0
1013.5	3.5	0
1014	3.5	0
1014.5	3.5	0
1015	3.5	0
1015.5	3.5	0
1016	3.5	0
1016.5	3.5	0
1017	3.5	0
1017.5	3.5	0
1018	3.5	0
1018.5	3.5	0
1019	3.5	0
1019.5	3.5	0
1020	3.5	0
1020.5	3.5	0
1021	3.5	0
1021.5	3.5	0
1022	3.5	0
1022.5	3.5	0
1023	3.5	0
1023.5	3.5	0
1024	3.5	0
1024.5	3.5	0
1025	3.5	0
1025.5	3.5	0
1026	3.5	0
1026.5	3.5	0
1027	3.5	0
1027.5	3.5	0
1028	3.5	0
1028.5	3.49	0
1029	3.49	0
1029.5	3.49	0
1030	3.49	0
1030.5	3.49	0
1031	3.49	0
1031.5	3.49	0
1032	3.49	0
1032.5	3.49	0
1033	3.49	0
1033.5	3.49	0
1034	3.49	0
1034.5	3.49	0
1035	3.49	0
1035.5	3.49	0
1036	3.49	0
1036.5	3.49	0
1037	3.49	0
1037.5	3.49	0
1038	3.49	0
1038.5	3.49	0
1039	3.49	0
1039.5	3.49	0
1040	3.49	0
1040.5	3.49	0
1041	3.49	0
1041.5	3.49	0
1042	3.49	0
1042.5	3.49	0
1043	3.49	0
1043.5	3.49	0
1044	3.49	0
1044.5	3.49	0
1045	3.49	0
1045.5	3.49	0
1046	3.49	0
1046.5	3.49	0
1047	3.49	0
1047.5	3.49	0
1048	3.49	0
1048.5	3.49	0
1049	3.49	0
1049.5	3.49	0
1050	3.49	0
1050.5	3.49	0
1051	3.48	0
1051.5	3.48	0
1052	3.48	0
1052.5	3.48	0
1053	3.48	0
1053.5	3.48	0
1054	3.48	0
1054.5	3.48	0
1055	3.48	0
1055.5	3.48	0
1056	3.48	0
1056.5	3.48	0
1057	3.48	0
1057.5	3.48	0
1058	3.48	0
1058.5	3.48	0
1059	3.48	0
1059.5	3.48	0
1060	3.48	0
1060.5	3.48	0
1061	3.48	0
1061.5	3.48	0
1062	3.48	0
1062.5	3.48	0
1063	3.48	0
1063.5	3.48	0
1064	3.48	0
1064.5	3.48	0
1065	3.48	0
1065.5	3.48	0
1066	3.48	0
1066.5	3.48	0
1067	3.48	0
1067.5	3.48	0
1068	3.48	0
1068.5	3.48	0
1069	3.48	0
1069.5	3.48	0
1070	3.48	0
1070.5	3.48	0
1071	3.48	0
1071.5	3.48	0
1072	3.48	0
1072.5	3.48	0
1073	3.48	0
1073.5	3.48	0
1074	3.48	0
1074.5	3.48	0
1075	3.48	0
1075.5	3.48	0
1076	3.47	0
1076.5	3.47	0
1077	3.47	0
1077.5	3.47	0
1078	3.47	0
1078.5	3.47	0
1079	3.47	0
1079.5	3.47	0
1080	3.47	0
1080.5	3.47	0
1081	3.47	0
1081.5	3.47	0
1082	3.47	0
1082.5	3.47	0
1083	3.47	0
1083.5	3.47	0
1084	3.47	0
1084.5	3.47	0
1085	3.47	0
1085.5	3.47	0
1086	3.47	0
1086.5	3.47	0
1087	3.47	0
1087.5	3.47	0
1088	3.47	0
1088.5	3.47	0
1089	3.47	0
1089.5	3.47	0
1090	3.47	0
1090.5	3.47	0
1091	3.47	0
1091.5	3.47	0
1092	3.47	0
1092.5	3.47	0
1093	3.47	0
1093.5	3.47	0
1094	3.47	0
1094.5	3.47	0
1095	3.47	0
1095.5	3.47	0
1096	3.47	0
1096.5	3.47	0
1097	3.47	0
1097.5	3.47	0
1098	3.47	0
1098.5	3.47	0
1099	3.47	0
1099.5	3.47	0
1100	3.47	0
1100.5	3.47	0
1101	3.46	0
1101.5	3.46	0
1102	3.46	0
1102.5	3.46	0
1103	3.46	0
1103.5	3.46	0
1104	3.46	0
1104.5	3.46	0
1105	3.46	0
1105.5	3.46	0
1106	3.46	0
1106.5	3.46	0
1107	3.46	0
1107.5	3.46	0
1108	3.46	0
1108.5	3.46	0
1109	3.46	0
1109.5	3.46	0
1110	3.46	0
1110.5	3.46	0
1111	3.46	0
1111.5	3.46	0
1112	3.46	0
1112.5	3.46	0
1113	3.46	0
1113.5	3.46	0
1114	3.46	0
1114.5	3.46	0
1115	3.46	0
1115.5	3.46	0
1116	3.46	0
1116.5	3.46	0
1117	3.46	0
1117.5	3.46	0
1118	3.46	0
1118.5	3.46	0
1119	3.46	0
1119.5	3.46	0
1120	3.46	0
1120.5	3.46	0
1121	3.46	0
1121.5	3.46	0
1122	3.46	0
1122.5	3.46	0
1123	3.46	0
1123.5	3.46	0
1124	3.46	0
1124.5	3.46	0
1125	3.46	0
1125.5	3.46	0
1126	3.46	0
1126.5	3.45	0
1127	3.45	0
1127.5	3.45	0
1128	3.45	0
1128.5	3.45	0
1129	3.45	0
1129.5	3.45	0
1130	3.45	0
1130.5	3.45	0
1131	3.45	0
1131.5	3.45	0
1132	3.45	0
1132.5	3.45	0
1133	3.45	0
1133.5	3.45	0
1134	3.45	0
1134.5	3.45	0
1135	3.45	0
1135.5	3.45	0
1136	3.45	0
1136.5	3.45	0
1137	3.45	0
1137.5	3.45	0
1138	3.45	0
1138.5	3.45	0
1139	3.45	0
1139.5	3.45	0
1140	3.45	0
1140.5	3.45	0
1141	3.45	0
1141.5	3.45	0
1142	3.45	0
1142.5	3.45	0
1143	3.45	0
1143.5	3.45	0
1144	3.45	0
1144.5	3.45	0
1145	3.45	0
1145.5	3.45	0
1146	3.45	0
1146.5	3.45	0
1147	3.45	0
1147.5	3.45	0
1148	3.45	0
1148.5	3.45	0
1149	3.45	0
1149.5	3.45	0
1150	3.45	0
1150.5	3.45	0
1151	3.45	0
1151.5	3.45	0
1152	3.45	0
1152.5	3.45	0
1153	3.45	0
1153.5	3.45	0
1154	3.45	0
1154.5	3.45	0
1155	3.45	0
1155.5	3.45	0
1156	3.45	0
1156.5	3.45	0
1157	3.45	0
1157.5	3.45	0
1158	3.45	0
1158.5	3.45	0
1159	3.45	0
1159.5	3.45	0
1160	3.45	0
1160.5	3.45	0
1161	3.45	0
1161.5	3.45	0
1162	3.44	0
1162.5	3.44	0
1163	3.44	0
1163.5	3.44	0
1164	3.44	0
1164.5	3.44	0
1165	3.44	0
1165.5	3.44	0
1166	3.44	0
1166.5	3.44	0
1167	3.44	0
1167.5	3.44	0
1168	3.44	0
1168.5	3.44	0
1169	3.44	0
1169.5	3.44	0
1170	3.44	0
1170.5	3.44	0
1171	3.44	0
1171.5	3.44	0
1172	3.44	0
1172.5	3.44	0
1173	3.44	0
1173.5	3.44	0
1174	3.44	0
1174.5	3.44	0
1175	3.44	0
1175.5	3.44	0
1176	3.44	0
1176.5	3.44	0
1177	3.44	0
1177.5	3.44	0
1178	3.44	0
1178.5	3.44	0
1179	3.44	0
1179.5	3.44	0
1180	3.44	0
1180.5	3.44	0
1181	3.44	0
1181.5	3.44	0
1182	3.44	0
1182.5	3.44	0
1183	3.44	0
1183.5	3.44	0
1184	3.44	0
1184.5	3.44	0
1185	3.44	0
1185.5	3.44	0
1186	3.44	0
1186.5	3.44	0
1187	3.44	0
1187.5	3.44	0
1188	3.44	0
1188.5	3.44	0
1189	3.44	0
1189.5	3.44	0
1190	3.44	0
1190.5	3.44	0
1191	3.44	0
1191.5	3.44	0
1192	3.44	0
1192.5	3.44	0
1193	3.44	0
1193.5	3.44	0
1194	3.44	0
1194.5	3.44	0
1195	3.44	0
1195.5	3.44	0
1196	3.44	0
1196.5	3.44	0
1197	3.44	0
1197.5	3.43	0
1198	3.43	0
1198.5	3.43	0
1199	3.43	0
1199.5	3.43	0
1200	3.43	0
1200.5	3.43	0
1201	3.43	0
1201.5	3.43	0
1202	3.43	0
1202.5	3.43	0
1203	3.43	0
1203.5	3.43	0
1204	3.43	0
1204.5	3.43	0
1205	3.43	0
1205.5	3.43	0
1206	3.43	0
1206.5	3.43	0
1207	3.43	0
1207.5	3.43	0
1208	3.43	0
1208.5	3.43	0
1209	3.43	0
1209.5	3.43	0
1210	3.43	0
1210.5	3.43	0
1211	3.43	0
1211.5	3.43	0
1212	3.43	0
1212.5	3.43	0
1213	3.43	0
1213.5	3.43	0
1214	3.43	0
1214.5	3.43	0
1215	3.43	0
1215.5	3.43	0
1216	3.43	0
1216.5	3.43	0
1217	3.43	0
1217.5	3.43	0
1218	3.43	0
1218.5	3.43	0
1219	3.43	0
1219.5	3.43	0
1220	3.43	0
1220.5	3.43	0
1221	3.43	0
1221.5	3.43	0
1222	3.43	0
1222.5	3.43	0
1223	3.43	0
1223.5	3.43	0
1224	3.43	0
1224.5	3.43	0
1225	3.43	0
1225.5	3.43	0
1226	3.43	0
1226.5	3.43	0
1227	3.43	0
1227.5	3.43	0
1228	3.43	0
1228.5	3.43	0
1229	3.43	0
1229.5	3.43	0
1230	3.43	0
1230.5	3.43	0
1231	3.43	0
1231.5	3.43	0
1232	3.43	0
1232.5	3.43	0
1233	3.43	0
1233.5	3.42	0
1234	3.42	0
1234.5	3.42	0
1235	3.42	0
1235.5	3.42	0
1236	3.42	0
1236.5	3.42	0
1237	3.42	0
1237.5	3.42	0
1238	3.42	0
1238.5	3.42	0
1239	3.42	0
1239.5	3.42	0
1240	3.42	0
1240.5	3.42	0
1241	3.42	0
1241.5	3.42	0
1242	3.42	0
1242.5	3.42	0
1243	3.42	0
1243.5	3.42	0
1244	3.42	0
1244.5	3.42	0
1245	3.42	0
1245.5	3.42	0
1246	3.42	0
1246.5	3.42	0
1247	3.42	0
1247.5	3.42	0
1248	3.42	0
1248.5	3.42	0
1249	3.42	0
1249.5	3.42	0
1250	3.42	0
1250.5	3.42	0
1251	3.42	0
1251.5	3.42	0
1252	3.42	0
1252.5	3.42	0
1253	3.42	0
1253.5	3.42	0
1254	3.42	0
1254.5	3.42	0
1255	3.42	0
1255.5	3.42	0
1256	3.42	0
1256.5	3.42	0
1257	3.42	0
1257.5	3.42	0
1258	3.42	0
1258.5	3.42	0
1259	3.42	0
1259.5	3.42	0
1260	3.42	0
1260.5	3.42	0
1261	3.42	0
1261.5	3.42	0
1262	3.42	0
1262.5	3.42	0
1263	3.42	0
1263.5	3.42	0
1264	3.42	0
1264.5	3.42	0
1265	3.42	0
1265.5	3.42	0
1266	3.42	0
1266.5	3.42	0
1267	3.42	0
1267.5	3.42	0
1268	3.42	0
1268.5	3.42	0
1269	3.42	0
1269.5	3.42	0
1270	3.42	0
1270.5	3.42	0
1271	3.42	0
1271.5	3.42	0
1272	3.42	0
1272.5	3.42	0
1273	3.42	0
1273.5	3.42	0
1274	3.42	0
1274.5	3.42	0
1275	3.42	0
1275.5	3.42	0
1276	3.42	0
1276.5	3.42	0
1277	3.42	0
1277.5	3.42	0
1278	3.42	0
1278.5	3.42	0
1279	3.42	0
1279.5	3.42	0
1280	3.42	0
1280.5	3.42	0
1281	3.42	0
1281.5	3.42	0
1282	3.42	0
1282.5	3.41	0
1283	3.41	0
1283.5	3.41	0
1284	3.41	0
1284.5	3.41	0
1285	3.41	0
1285.5	3.41	0
1286	3.41	0
1286.5	3.41	0
1287	3.41	0
1287.5	3.41	0
1288	3.41	0
1288.5	3.41	0
1289	3.41	0
1289.5	3.41	0
1290	3.41	0
1290.5	3.41	0
1291	3.41	0
1291.5	3.41	0
1292	3.41	0
1292.5	3.41	0
1293	3.41	0
1293.5	3.41	0
1294	3.41	0
1294.5	3.41	0
1295	3.41	0
1295.5	3.41	0
1296	3.41	0
1296.5	3.41	0
1297	3.41	0
1297.5	3.41	0
1298	3.41	0
1298.5	3.41	0
1299	3.41	0
1299.5	3.41	0
1300	3.41	0
1300.5	3.41	0
1301	3.41	0
1301.5	3.41	0
1302	3.41	0
1302.5	3.41	0
1303	3.41	0
1303.5	3.41	0
1304	3.41	0
1304.5	3.41	0
1305	3.41	0
1305.5	3.41	0
1306	3.41	0
1306.5	3.41	0
1307	3.41	0
1307.5	3.41	0
1308	3.41	0
1308.5	3.41	0
1309	3.41	0
1309.5	3.41	0
1310	3.41	0
1310.5	3.41	0
1311	3.41	0
1311.5	3.41	0
1312	3.41	0
1312.5	3.41	0
1313	3.41	0
1313.5	3.41	0
1314	3.41	0
1314.5	3.41	0
1315	3.41	0
1315.5	3.41	0
1316	3.41	0
1316.5	3.41	0
1317	3.41	0
1317.5	3.41	0
1318	3.41	0
1318.5	3.41	0
1319	3.41	0
1319.5	3.41	0
1320	3.41	0
1320.5	3.41	0
1321	3.41	0
1321.5	3.41	0
1322	3.41	0
1322.5	3.41	0
1323	3.41	0
1323.5	3.41	0
1324	3.41	0
1324.5	3.41	0
1325	3.41	0
1325.5	3.41	0
1326	3.41	0
1326.5	3.41	0
1327	3.41	0
1327.5	3.41	0
1328	3.41	0
1328.5	3.41	0
1329	3.41	0
1329.5	3.41	0
1330	3.41	0
1330.5	3.41	0
1331	3.41	0
1331.5	3.41	0
1332	3.41	0
1332.5	3.41	0
1333	3.41	0
1333.5	3.41	0
1334	3.4	0
1334.5	3.4	0
1335	3.4	0
1335.5	3.4	0
1336	3.4	0
1336.5	3.4	0
1337	3.4	0
1337.5	3.4	0
1338	3.4	0
1338.5	3.4	0
1339	3.4	0
1339.5	3.4	0
1340	3.4	0
1340.5	3.4	0
1341	3.4	0
1341.5	3.4	0
1342	3.4	0
1342.5	3.4	0
1343	3.4	0
1343.5	3.4	0
1344	3.4	0
1344.5	3.4	0
1345	3.4	0
1345.5	3.4	0
1346	3.4	0
1346.5	3.4	0
1347	3.4	0
1347.5	3.4	0
1348	3.4	0
1348.5	3.4	0
1349	3.4	0
1349.5	3.4	0
1350	3.4	0
1350.5	3.4	0
1351	3.4	0
1351.5	3.4	0
1352	3.4	0
1352.5	3.4	0
1353	3.4	0
1353.5	3.4	0
1354	3.4	0
1354.5	3.4	0
1355	3.4	0
1355.5	3.4	0
1356	3.4	0
1356.5	3.4	0
1357	3.4	0
1357.5	3.4	0
1358	3.4	0
1358.5	3.4	0
1359	3.4	0
1359.5	3.4	0
1360	3.4	0
1360.5	3.4	0
1361	3.4	0
1361.5	3.4	0
1362	3.4	0
1362.5	3.4	0
1363	3.4	0
1363.5	3.4	0
1364	3.4	0
1364.5	3.4	0
1365	3.4	0
1365.5	3.4	0
1366	3.4	0
1366.5	3.4	0
1367	3.4	0
1367.5	3.4	0
1368	3.4	0
1368.5	3.4	0
1369	3.4	0
1369.5	3.4	0
1370	3.4	0
1370.5	3.4	0
1371	3.4	0
1371.5	3.4	0
1372	3.4	0
1372.5	3.4	0
1373	3.4	0
1373.5	3.4	0
1374	3.4	0
1374.5	3.4	0
1375	3.4	0
1375.5	3.4	0
1376	3.4	0
1376.5	3.4	0
1377	3.4	0
1377.5	3.4	0
1378	3.4	0
1378.5	3.4	0
1379	3.4	0
1379.5	3.4	0
1380	3.4	0
1380.5	3.4	0
1381	3.4	0
1381.5	3.4	0
1382	3.4	0
1382.5	3.4	0
1383	3.4	0
1383.5	3.4	0
1384	3.4	0
1384.5	3.4	0
1385	3.4	0
1385.5	3.4	0
1386	3.4	0
1386.5	3.4	0
1387	3.4	0
1387.5	3.4	0
1388	3.4	0
1388.5	3.4	0
1389	3.39	0
1389.5	3.39	0
1390	3.39	0
1390.5	3.39	0
1391	3.39	0
1391.5	3.39	0
1392	3.39	0
1392.5	3.39	0
1393	3.39	0
1393.5	3.39	0
1394	3.39	0
1394.5	3.39	0
1395	3.39	0
1395.5	3.39	0
1396	3.39	0
1396.5	3.39	0
1397	3.39	0
1397.5	3.39	0
1398	3.39	0
1398.5	3.39	0
1399	3.39	0
1399.5	3.39	0
1400	3.39	0
1400.5	3.39	0
1401	3.39	0
1401.5	3.39	0
1402	3.39	0
1402.5	3.39	0
1403	3.39	0
1403.5	3.39	0
1404	3.39	0
1404.5	3.39	0
1405	3.39	0
1405.5	3.39	0
1406	3.39	0
1406.5	3.39	0
1407	3.39	0
1407.5	3.39	0
1408	3.39	0
1408.5	3.39	0
1409	3.39	0
1409.5	3.39	0
1410	3.39	0
1410.5	3.39	0
1411	3.39	0
1411.5	3.39	0
1412	3.39	0
1412.5	3.39	0
1413	3.39	0
1413.5	3.39	0
1414	3.39	0
1414.5	3.39	0
1415	3.39	0
1415.5	3.39	0
1416	3.39	0
1416.5	3.39	0
1417	3.39	0
1417.5	3.39	0
1418	3.39	0
1418.5	3.39	0
1419	3.39	0
1419.5	3.39	0
1420	3.39	0
1420.5	3.39	0
1421	3.39	0
1421.5	3.39	0
1422	3.39	0
1422.5	3.39	0
1423	3.39	0
1423.5	3.39	0
1424	3.39	0
1424.5	3.39	0
1425	3.39	0
1425.5	3.39	0
1426	3.39	0
1426.5	3.39	0
1427	3.39	0
1427.5	3.39	0
1428	3.39	0
1428.5	3.39	0
1429	3.39	0
1429.5	3.39	0
1430	3.39	0
1430.5	3.39	0
1431	3.39	0
1431.5	3.39	0
1432	3.39	0
1432.5	3.39	0
1433	3.39	0
1433.5	3.39	0
1434	3.39	0
1434.5	3.39	0
1435	3.39	0
1435.5	3.39	0
1436	3.39	0
1436.5	3.39	0
1437	3.39	0
1437.5	3.39	0
1438	3.39	0
1438.5	3.39	0
1439	3.39	0
1439.5	3.39	0
1440	3.39	0
1440.5	3.39	0
1441	3.39	0
1441.5	3.39	0
1442	3.39	0
1442.5	3.39	0
1443	3.39	0
1443.5	3.39	0
1444	3.39	0
1444.5	3.39	0
1445	3.39	0
1445.5	3.39	0
1446	3.39	0
1446.5	3.39	0
1447	3.39	0
1447.5	3.39	0
1448	3.39	0
1448.5	3.39	0
1449	3.39	0
1449.5	3.39	0
1450	3.39	0
1450.5	3.39	0
1451	3.39	0
1451.5	3.39	0
1452	3.39	0
1452.5	3.39	0
1453	3.39	0
1453.5	3.39	0
1454	3.39	0
1454.5	3.39	0
1455	3.39	0
1455.5	3.39	0
1456	3.39	0
1456.5	3.39	0
1457	3.39	0
1457.5	3.39	0
1458	3.39	0
1458.5	3.39	0
1459	3.39	0
1459.5	3.39	0
1460	3.39	0
1460.5	3.39	0
1461	3.39	0
1461.5	3.39	0
1462	3.39	0
1462.5	3.39	0
1463	3.39	0
1463.5	3.39	0
1464	3.39	0
1464.5	3.38	0
1465	3.38	0
1465.5	3.38	0
1466	3.38	0
1466.5	3.38	0
1467	3.38	0
1467.5	3.38	0
1468	3.38	0
1468.5	3.38	0
1469	3.38	0
1469.5	3.38	0
1470	3.38	0
1470.5	3.38	0
1471	3.38	0
1471.5	3.38	0
1472	3.38	0
1472.5	3.38	0
1473	3.38	0
1473.5	3.38	0
1474	3.38	0
1474.5	3.38	0
1475	3.38	0
1475.5	3.38	0
1476	3.38	0
1476.5	3.38	0
1477	3.38	0
1477.5	3.38	0
1478	3.38	0
1478.5	3.38	0
1479	3.38	0
1479.5	3.38	0
1480	3.38	0
1480.5	3.38	0
1481	3.38	0
1481.5	3.38	0
1482	3.38	0
1482.5	3.38	0
1483	3.38	0
1483.5	3.38	0
1484	3.38	0
1484.5	3.38	0
1485	3.38	0
1485.5	3.38	0
1486	3.38	0
1486.5	3.38	0
1487	3.38	0
1487.5	3.38	0
1488	3.38	0
1488.5	3.38	0
1489	3.38	0
1489.5	3.38	0
1490	3.38	0
1490.5	3.38	0
1491	3.38	0
1491.5	3.38	0
1492	3.38	0
1492.5	3.38	0
1493	3.38	0
1493.5	3.38	0
1494	3.38	0
1494.5	3.38	0
1495	3.38	0
1495.5	3.38	0
1496	3.38	0
1496.5	3.38	0
1497	3.38	0
1497.5	3.38	0
1498	3.38	0
1498.5	3.38	0
1499	3.38	0
1499.5	3.38	0
1500	3.38	0
1500.5	3.38	0
1501	3.38	0
1501.5	3.38	0
1502	3.38	0
1502.5	3.38	0
1503	3.38	0
1503.5	3.38	0
1504	3.38	0
1504.5	3.38	0
1505	3.38	0
1505.5	3.38	0
1506	3.38	0
1506.5	3.38	0
1507	3.38	0
1507.5	3.38	0
1508	3.38	0
1508.5	3.38	0
1509	3.38	0
1509.5	3.38	0
1510	3.38	0
1510.5	3.38	0
1511	3.38	0
1511.5	3.38	0
1512	3.38	0
1512.5	3.38	0
1513	3.38	0
1513.5	3.38	0
1514	3.38	0
1514.5	3.38	0
1515	3.38	0
1515.5	3.38	0
1516	3.38	0
1516.5	3.38	0
1517	3.38	0
1517.5	3.38	0
1518	3.38	0
1518.5	3.38	0
1519	3.38	0
1519.5	3.38	0
1520	3.38	0
1520.5	3.38	0
1521	3.38	0
1521.5	3.38	0
1522	3.38	0
1522.5	3.38	0
1523	3.38	0
1523.5	3.38	0
1524	3.38	0
1524.5	3.38	0
1525	3.38	0
1525.5	3.38	0
1526	3.38	0
1526.5	3.38	0
1527	3.38	0
1527.5	3.38	0
1528	3.38	0
1528.5	3.38	0
1529	3.38	0
1529.5	3.38	0
1530	3.38	0
1530.5	3.38	0
1531	3.38	0
1531.5	3.38	0
1532	3.38	0
1532.5	3.38	0
1533	3.38	0
1533.5	3.38	0
1534	3.38	0
1534.5	3.38	0
1535	3.38	0
1535.5	3.38	0
1536	3.38	0
1536.5	3.38	0
1537	3.38	0
1537.5	3.38	0
1538	3.38	0
1538.5	3.38	0
1539	3.38	0
1539.5	3.38	0
1540	3.37	0
1540.5	3.37	0
1541	3.37	0
1541.5	3.37	0
1542	3.37	0
1542.5	3.37	0
1543	3.37	0
1543.5	3.37	0
1544	3.37	0
1544.5	3.37	0
1545	3.37	0
1545.5	3.37	0
1546	3.37	0
1546.5	3.37	0
1547	3.37	0
1547.5	3.37	0
1548	3.37	0
1548.5	3.37	0
1549	3.37	0
1549.5	3.37	0
1550	3.37	0
1550.5	3.37	0
1551	3.37	0
1551.5	3.37	0
1552	3.37	0
1552.5	3.37	0
1553	3.37	0
1553.5	3.37	0
1554	3.37	0
1554.5	3.37	0
1555	3.37	0
1555.5	3.37	0
1556	3.37	0
1556.5	3.37	0
1557	3.37	0
1557.5	3.37	0
1558	3.37	0
1558.5	3.37	0
1559	3.37	0
1559.5	3.37	0
1560	3.37	0
1560.5	3.37	0
1561	3.37	0
1561.5	3.37	0
1562	3.37	0
1562.5	3.37	0
1563	3.37	0
1563.5	3.37	0
1564	3.37	0
1564.5	3.37	0
1565	3.37	0
1565.5	3.37	0
1566	3.37	0
1566.5	3.37	0
1567	3.37	0
1567.5	3.37	0
1568	3.37	0
1568.5	3.37	0
1569	3.37	0
1569.5	3.37	0
1570	3.37	0
1570.5	3.37	0
1571	3.37	0
1571.5	3.37	0
1572	3.37	0
1572.5	3.37	0
1573	3.37	0
1573.5	3.37	0
1574	3.37	0
1574.5	3.37	0
1575	3.37	0
1575.5	3.37	0
1576	3.37	0
1576.5	3.37	0
1577	3.37	0
1577.5	3.37	0
1578	3.37	0
1578.5	3.37	0
1579	3.37	0
1579.5	3.37	0
1580	3.37	0
1580.5	3.37	0
1581	3.37	0
1581.5	3.37	0
1582	3.37	0
1582.5	3.37	0
1583	3.37	0
1583.5	3.37	0
1584	3.37	0
1584.5	3.37	0
1585	3.37	0
1585.5	3.37	0
1586	3.37	0
1586.5	3.37	0
1587	3.37	0
1587.5	3.37	0
1588	3.37	0
1588.5	3.37	0
1589	3.37	0
1589.5	3.37	0
1590	3.37	0
1590.5	3.37	0
1591	3.37	0
1591.5	3.37	0
1592	3.37	0
1592.5	3.37	0
1593	3.37	0
1593.5	3.37	0
1594	3.37	0
1594.5	3.37	0
1595	3.37	0
1595.5	3.37	0
1596	3.37	0
1596.5	3.37	0
1597	3.37	0
1597.5	3.37	0
1598	3.37	0
1598.5	3.37	0
1599	3.37	0
1599.5	3.37	0
1600	3.37	0
1600.5	3.37	0
1601	3.37	0
1601.5	3.37	0
1602	3.37	0
1602.5	3.37	0
1603	3.37	0
1603.5	3.37	0
1604	3.37	0
1604.5	3.37	0
1605	3.37	0
1605.5	3.37	0
1606	3.37	0
1606.5	3.37	0
1607	3.37	0
1607.5	3.37	0
1608	3.37	0
1608.5	3.37	0
1609	3.37	0
1609.5	3.37	0
1610	3.37	0
1610.5	3.37	0
1611	3.37	0
1611.5	3.37	0
1612	3.37	0
1612.5	3.37	0
1613	3.37	0
1613.5	3.37	0
1614	3.37	0
1614.5	3.37	0
1615	3.37	0
1615.5	3.37	0
1616	3.37	0
1616.5	3.37	0
1617	3.37	0
1617.5	3.37	0
1618	3.37	0
1618.5	3.37	0
1619	3.37	0
1619.5	3.37	0
1620	3.37	0
1620.5	3.37	0
1621	3.37	0
1621.5	3.37	0
1622	3.37	0
1622.5	3.37	0
1623	3.37	0
1623.5	3.37	0
1624	3.37	0
1624.5	3.37	0
1625	3.37	0
1625.5	3.37	0
1626	3.37	0
1626.5	3.37	0
1627	3.37	0
1627.5	3.37	0
1628	3.37	0
1628.5	3.37	0
1629	3.37	0
1629.5	3.37	0
1630	3.37	0
1630.5	3.37	0
1631	3.37	0
1631.5	3.37	0
1632	3.37	0
1632.5	3.37	0
1633	3.37	0
1633.5	3.37	0
1634	3.37	0
1634.5	3.37	0
1635	3.37	0
1635.5	3.37	0
1636	3.37	0
1636.5	3.37	0
1637	3.37	0
1637.5	3.37	0
1638	3.37	0
1638.5	3.37	0
1639	3.37	0
1639.5	3.37	0
1640	3.37	0
1640.5	3.37	0
1641	3.37	0
1641.5	3.37	0
1642	3.37	0
1642.5	3.37	0
1643	3.37	0
1643.5	3.37	0
1644	3.37	0
1644.5	3.37	0
1645	3.37	0
1645.5	3.37	0
1646	3.37	0
1646.5	3.37	0
1647	3.37	0
1647.5	3.37	0
1648	3.37	0
1648.5	3.37	0
1649	3.37	0
1649.5	3.36	0
1650	3.36	0
1650.5	3.36	0
1651	3.36	0
1651.5	3.36	0
1652	3.36	0
1652.5	3.36	0
1653	3.36	0
1653.5	3.36	0
1654	3.36	0
1654.5	3.36	0
1655	3.36	0
1655.5	3.36	0
1656	3.36	0
1656.5	3.36	0
1657	3.36	0
1657.5	3.36	0
1658	3.36	0
1658.5	3.36	0
1659	3.36	0
1659.5	3.36	0
1660	3.36	0
1660.5	3.36	0
1661	3.36	0
1661.5	3.36	0
1662	3.36	0
1662.5	3.36	0
1663	3.36	0
1663.5	3.36	0
1664	3.36	0
1664.5	3.36	0
1665	3.36	0
1665.5	3.36	0
1666	3.36	0
1666.5	3.36	0
1667	3.36	0
1667.5	3.36	0
1668	3.36	0
1668.5	3.36	0
1669	3.36	0
1669.5	3.36	0
1670	3.36	0
1670.5	3.36	0
1671	3.36	0
1671.5	3.36	0
1672	3.36	0
1672.5	3.36	0
1673	3.36	0
1673.5	3.36	0
1674	3.36	0
1674.5	3.36	0
1675	3.36	0
1675.5	3.36	0
1676	3.36	0
1676.5	3.36	0
1677	3.36	0
1677.5	3.36	0
1678	3.36	0
1678.5	3.36	0
1679	3.36	0
1679.5	3.36	0
1680	3.36	0
1680.5	3.36	0
1681	3.36	0
1681.5	3.36	0
1682	3.36	0
1682.5	3.36	0
1683	3.36	0
1683.5	3.36	0
1684	3.36	0
1684.5	3.36	0
1685	3.36	0
1685.5	3.36	0
1686	3.36	0
1686.5	3.36	0
1687	3.36	0
1687.5	3.36	0
1688	3.36	0
1688.5	3.36	0
1689	3.36	0
1689.5	3.36	0
1690	3.36	0
1690.5	3.36	0
1691	3.36	0
1691.5	3.36	0
1692	3.36	0
1692.5	3.36	0
1693	3.36	0
1693.5	3.36	0
1694	3.36	0
1694.5	3.36	0
1695	3.36	0
1695.5	3.36	0
1696	3.36	0
1696.5	3.36	0
1697	3.36	0
1697.5	3.36	0
1698	3.36	0
1698.5	3.36	0
1699	3.36	0
1699.5	3.36	0
1700	3.36	0
1700.5	3.36	0
1701	3.36	0
1701.5	3.36	0
1702	3.36	0
1702.5	3.36	0
1703	3.36	0
1703.5	3.36	0
1704	3.36	0
1704.5	3.36	0
1705	3.36	0
1705.5	3.36	0
1706	3.36	0
1706.5	3.36	0
1707	3.36	0
1707.5	3.36	0
1708	3.36	0
1708.5	3.36	0
1709	3.36	0
1709.5	3.36	0
1710	3.36	0
1710.5	3.36	0
1711	3.36	0
1711.5	3.36	0
1712	3.36	0
1712.5	3.36	0
1713	3.36	0
1713.5	3.36	0
1714	3.36	0
1714.5	3.36	0
1715	3.36	0
1715.5	3.36	0
1716	3.36	0
1716.5	3.36	0
1717	3.36	0
1717.5	3.36	0
1718	3.36	0
1718.5	3.36	0
1719	3.36	0
1719.5	3.36	0
1720	3.36	0
1720.5	3.36	0
1721	3.36	0
1721.5	3.36	0
1722	3.36	0
1722.5	3.36	0
1723	3.36	0
1723.5	3.36	0
1724	3.36	0
1724.5	3.36	0
1725	3.36	0
1725.5	3.36	0
1726	3.36	0
1726.5	3.36	0
1727	3.36	0
1727.5	3.36	0
1728	3.36	0
1728.5	3.36	0
1729	3.36	0
1729.5	3.36	0
1730	3.36	0
1730.5	3.36	0
1731	3.36	0
1731.5	3.36	0
1732	3.36	0
1732.5	3.36	0
1733	3.36	0
1733.5	3.36	0
1734	3.36	0
1734.5	3.36	0
1735	3.36	0
1735.5	3.36	0
1736	3.36	0
1736.5	3.36	0
1737	3.36	0
1737.5	3.36	0
1738	3.36	0
1738.5	3.36	0
1739	3.36	0
1739.5	3.36	0
1740	3.36	0
1740.5	3.36	0
1741	3.36	0
1741.5	3.36	0
1742	3.36	0
1742.5	3.36	0
1743	3.36	0
1743.5	3.36	0
1744	3.36	0
1744.5	3.36	0
1745	3.36	0
1745.5	3.36	0
1746	3.36	0
1746.5	3.36	0
1747	3.36	0
1747.5	3.36	0
1748	3.36	0
1748.5	3.36	0
1749	3.36	0
1749.5	3.36	0
1750	3.36	0
1750.5	3.36	0
1751	3.36	0
1751.5	3.36	0
1752	3.36	0
1752.5	3.36	0
1753	3.36	0
1753.5	3.36	0
1754	3.36	0
1754.5	3.36	0
1755	3.36	0
1755.5	3.36	0
1756	3.36	0
1756.5	3.36	0
1757	3.36	0
1757.5	3.36	0
1758	3.36	0
1758.5	3.36	0
1759	3.36	0
1759.5	3.36	0
1760	3.36	0
1760.5	3.36	0
1761	3.36	0
1761.5	3.36	0
1762	3.36	0
1762.5	3.36	0
1763	3.36	0
1763.5	3.35	0
1764	3.35	0
1764.5	3.35	0
1765	3.35	0
1765.5	3.35	0
1766	3.35	0
1766.5	3.35	0
1767	3.35	0
1767.5	3.35	0
1768	3.35	0
1768.5	3.35	0
1769	3.35	0
1769.5	3.35	0
1770	3.35	0
1770.5	3.35	0
1771	3.35	0
1771.5	3.35	0
1772	3.35	0
1772.5	3.35	0
1773	3.35	0
1773.5	3.35	0
1774	3.35	0
1774.5	3.35	0
1775	3.35	0
1775.5	3.35	0
1776	3.35	0
1776.5	3.35	0
1777	3.35	0
1777.5	3.35	0
1778	3.35	0
1778.5	3.35	0
1779	3.35	0
1779.5	3.35	0
1780	3.35	0
1780.5	3.35	0
1781	3.35	0
1781.5	3.35	0
1782	3.35	0
1782.5	3.35	0
1783	3.35	0
1783.5	3.35	0
1784	3.35	0
1784.5	3.35	0
1785	3.35	0
1785.5	3.35	0
1786	3.35	0
1786.5	3.35	0
1787	3.35	0
1787.5	3.35	0
1788	3.35	0
1788.5	3.35	0
1789	3.35	0
1789.5	3.35	0
1790	3.35	0
1790.5	3.35	0
1791	3.35	0
1791.5	3.35	0
1792	3.35	0
1792.5	3.35	0
1793	3.35	0
1793.5	3.35	0
1794	3.35	0
1794.5	3.35	0
1795	3.35	0
1795.5	3.35	0
1796	3.35	0
1796.5	3.35	0
1797	3.35	0
1797.5	3.35	0
1798	3.35	0
1798.5	3.35	0
1799	3.35	0
1799.5	3.35	0
1800	3.35	0
1800.5	3.35	0
1801	3.35	0
1801.5	3.35	0
1802	3.35	0
1802.5	3.35	0
1803	3.35	0
1803.5	3.35	0
1804	3.35	0
1804.5	3.35	0
1805	3.35	0
1805.5	3.35	0
1806	3.35	0
1806.5	3.35	0
1807	3.35	0
1807.5	3.35	0
1808	3.35	0
1808.5	3.35	0
1809	3.35	0
1809.5	3.35	0
1810	3.35	0
1810.5	3.35	0
1811	3.35	0
1811.5	3.35	0
1812	3.35	0
1812.5	3.35	0
1813	3.35	0
1813.5	3.35	0
1814	3.35	0
1814.5	3.35	0
1815	3.35	0
1815.5	3.35	0
1816	3.35	0
1816.5	3.35	0
1817	3.35	0
1817.5	3.35	0
1818	3.35	0
1818.5	3.35	0
1819	3.35	0
1819.5	3.35	0
1820	3.35	0
1820.5	3.35	0
1821	3.35	0
1821.5	3.35	0
1822	3.35	0
1822.5	3.35	0
1823	3.35	0
1823.5	3.35	0
1824	3.35	0
1824.5	3.35	0
1825	3.35	0
1825.5	3.35	0
1826	3.35	0
1826.5	3.35	0
1827	3.35	0
1827.5	3.35	0
1828	3.35	0
1828.5	3.35	0
1829	3.35	0
1829.5	3.35	0
1830	3.35	0
1830.5	3.35	0
1831	3.35	0
1831.5	3.35	0
1832	3.35	0
1832.5	3.35	0
1833	3.35	0
1833.5	3.35	0
1834	3.35	0
1834.5	3.35	0
1835	3.35	0
1835.5	3.35	0
1836	3.35	0
1836.5	3.35	0
1837	3.35	0
1837.5	3.35	0
1838	3.35	0
1838.5	3.35	0
1839	3.35	0
1839.5	3.35	0
1840	3.35	0
1840.5	3.35	0
1841	3.35	0
1841.5	3.35	0
1842	3.35	0
1842.5	3.35	0
1843	3.35	0
1843.5	3.35	0
1844	3.35	0
1844.5	3.35	0
1845	3.35	0
1845.5	3.35	0
1846	3.35	0
1846.5	3.35	0
1847	3.35	0
1847.5	3.35	0
1848	3.35	0
1848.5	3.35	0
1849	3.35	0
1849.5	3.35	0
1850	3.35	0
1850.5	3.35	0
1851	3.35	0
1851.5	3.35	0
1852	3.35	0
1852.5	3.35	0
1853	3.35	0
1853.5	3.35	0
1854	3.35	0
1854.5	3.35	0
1855	3.35	0
1855.5	3.35	0
1856	3.35	0
1856.5	3.35	0
1857	3.35	0
1857.5	3.35	0
1858	3.35	0
1858.5	3.35	0
1859	3.35	0
1859.5	3.35	0
1860	3.35	0
1860.5	3.35	0
1861	3.35	0
1861.5	3.35	0
1862	3.35	0
1862.5	3.35	0
1863	3.35	0
1863.5	3.35	0
1864	3.35	0
1864.5	3.35	0
1865	3.35	0
1865.5	3.35	0
1866	3.35	0
1866.5	3.35	0
1867	3.35	0
1867.5	3.35	0
1868	3.35	0
1868.5	3.35	0
1869	3.35	0
1869.5	3.35	0
1870	3.35	0
1870.5	3.35	0
1871	3.35	0
1871.5	3.35	0
1872	3.35	0
1872.5	3.35	0
1873	3.35	0
1873.5	3.35	0
1874	3.35	0
1874.5	3.35	0
1875	3.35	0
1875.5	3.35	0
1876	3.35	0
1876.5	3.35	0
1877	3.35	0
1877.5	3.35	0
1878	3.35	0
1878.5	3.35	0
1879	3.35	0
1879.5	3.35	0
1880	3.35	0
1880.5	3.35	0
1881	3.35	0
1881.5	3.35	0
1882	3.35	0
1882.5	3.35	0
1883	3.35	0
1883.5	3.35	0
1884	3.35	0
1884.5	3.35	0
1885	3.35	0
1885.5	3.35	0
1886	3.35	0
1886.5	3.35	0
1887	3.35	0
1887.5	3.35	0
1888	3.35	0
1888.5	3.35	0
1889	3.35	0
1889.5	3.35	0
1890	3.35	0
1890.5	3.35	0
1891	3.35	0
1891.5	3.35	0
1892	3.35	0
1892.5	3.35	0
1893	3.35	0
1893.5	3.35	0
1894	3.35	0
1894.5	3.35	0
1895	3.35	0
1895.5	3.35	0
1896	3.35	0
1896.5	3.35	0
1897	3.35	0
1897.5	3.35	0
1898	3.35	0
1898.5	3.35	0
1899	3.35	0
1899.5	3.35	0
1900	3.35	0
1900.5	3.35	0
1901	3.35	0
1901.5	3.35	0
1902	3.35	0
1902.5	3.35	0
1903	3.35	0
1903.5	3.35	0
1904	3.35	0
1904.5	3.35	0
1905	3.35	0
1905.5	3.35	0
1906	3.35	0
1906.5	3.35	0
1907	3.35	0
1907.5	3.35	0
1908	3.35	0
1908.5	3.35	0
1909	3.35	0
1909.5	3.35	0
1910	3.35	0
1910.5	3.35	0
1911	3.35	0
1911.5	3.35	0
1912	3.35	0
1912.5	3.35	0
1913	3.35	0
1913.5	3.35	0
1914	3.35	0
1914.5	3.35	0
1915	3.35	0
1915.5	3.35	0
1916	3.35	0
1916.5	3.35	0
1917	3.35	0
1917.5	3.35	0
1918	3.35	0
1918.5	3.35	0
1919	3.35	0
1919.5	3.35	0
1920	3.35	0
1920.5	3.35	0
1921	3.35	0
1921.5	3.35	0
1922	3.35	0
1922.5	3.35	0
1923	3.35	0
1923.5	3.35	0
1924	3.35	0
1924.5	3.35	0
1925	3.35	0
1925.5	3.35	0
1926	3.35	0
1926.5	3.35	0
1927	3.35	0
1927.5	3.35	0
1928	3.35	0
1928.5	3.35	0
1929	3.35	0
1929.5	3.35	0
1930	3.35	0
1930.5	3.35	0
1931	3.35	0
1931.5	3.35	0
1932	3.35	0
1932.5	3.35	0
1933	3.35	0
1933.5	3.35	0
1934	3.35	0
1934.5	3.35	0
1935	3.35	0
1935.5	3.35	0
1936	3.35	0
1936.5	3.35	0
1937	3.35	0
1937.5	3.35	0
1938	3.34	0
1938.5	3.34	0
1939	3.34	0
1939.5	3.34	0
1940	3.34	0
1940.5	3.34	0
1941	3.34	0
1941.5	3.34	0
1942	3.34	0
1942.5	3.34	0
1943	3.34	0
1943.5	3.34	0
1944	3.34	0
1944.5	3.34	0
1945	3.34	0
1945.5	3.34	0
1946	3.34	0
1946.5	3.34	0
1947	3.34	0
1947.5	3.34	0
1948	3.34	0
1948.5	3.34	0
1949	3.34	0
1949.5	3.34	0
1950	3.34	0
1950.5	3.34	0
1951	3.34	0
1951.5	3.34	0
1952	3.34	0
1952.5	3.34	0
1953	3.34	0
1953.5	3.34	0
1954	3.34	0
1954.5	3.34	0
1955	3.34	0
1955.5	3.34	0
1956	3.34	0
1956.5	3.34	0
1957	3.34	0
1957.5	3.34	0
1958	3.34	0
1958.5	3.34	0
1959	3.34	0
1959.5	3.34	0
1960	3.34	0
1960.5	3.34	0
1961	3.34	0
1961.5	3.34	0
1962	3.34	0
1962.5	3.34	0
1963	3.34	0
1963.5	3.34	0
1964	3.34	0
1964.5	3.34	0
1965	3.34	0
1965.5	3.34	0
1966	3.34	0
1966.5	3.34	0
1967	3.34	0
1967.5	3.34	0
1968	3.34	0
1968.5	3.34	0
1969	3.34	0
1969.5	3.34	0
1970	3.34	0
1970.5	3.34	0
1971	3.34	0
1971.5	3.34	0
1972	3.34	0
1972.5	3.34	0
1973	3.34	0
1973.5	3.34	0
1974	3.34	0
1974.5	3.34	0
1975	3.34	0
1975.5	3.34	0
1976	3.34	0
1976.5	3.34	0
1977	3.34	0
1977.5	3.34	0
1978	3.34	0
1978.5	3.34	0
1979	3.34	0
1979.5	3.34	0
1980	3.34	0
1980.5	3.34	0
1981	3.34	0
1981.5	3.34	0
1982	3.34	0
1982.5	3.34	0
1983	3.34	0
1983.5	3.34	0
1984	3.34	0
1984.5	3.34	0
1985	3.34	0
1985.5	3.34	0
1986	3.34	0
1986.5	3.34	0
1987	3.34	0
1987.5	3.34	0
1988	3.34	0
1988.5	3.34	0
1989	3.34	0
1989.5	3.34	0
1990	3.34	0
1990.5	3.34	0
1991	3.34	0
1991.5	3.34	0
1992	3.34	0
1992.5	3.34	0
1993	3.34	0
1993.5	3.34	0
1994	3.34	0
1994.5	3.34	0
1995	3.34	0
1995.5	3.34	0
1996	3.34	0
1996.5	3.34	0
1997	3.34	0
1997.5	3.34	0
1998	3.34	0
1998.5	3.34	0
1999	3.34	0
1999.5	3.34	0
2000	3.34	0

