280	3.9	2.22
280.5	3.89	2.21
281	3.89	2.19
281.5	3.88	2.18
282	3.88	2.16
282.5	3.87	2.15
283	3.87	2.14
283.5	3.86	2.13
284	3.85	2.12
284.5	3.85	2.11
285	3.84	2.1
285.5	3.83	2.09
286	3.83	2.09
286.5	3.82	2.08
287	3.81	2.07
287.5	3.81	2.06
288	3.8	2.05
288.5	3.79	2.05
289	3.79	2.04
289.5	3.78	2.03
290	3.78	2.02
290.5	3.77	2.02
291	3.77	2.01
291.5	3.76	2
292	3.76	1.99
292.5	3.75	1.99
293	3.75	1.98
293.5	3.74	1.97
294	3.74	1.96
294.5	3.73	1.96
295	3.73	1.95
295.5	3.72	1.95
296	3.72	1.94
296.5	3.72	1.93
297	3.72	1.93
297.5	3.71	1.92
298	3.71	1.92
298.5	3.71	1.91
299	3.71	1.91
299.5	3.71	1.9
300	3.7	1.9
300.5	3.7	1.89
301	3.7	1.89
301.5	3.7	1.88
302	3.69	1.88
302.5	3.69	1.87
303	3.69	1.87
303.5	3.69	1.87
304	3.69	1.87
304.5	3.69	1.87
305	3.69	1.87
305.5	3.68	1.86
306	3.68	1.86
306.5	3.68	1.86
307	3.68	1.86
307.5	3.68	1.86
308	3.68	1.86
308.5	3.68	1.86
309	3.68	1.86
309.5	3.68	1.86
310	3.68	1.86
310.5	3.68	1.86
311	3.68	1.86
311.5	3.68	1.86
312	3.68	1.86
312.5	3.68	1.86
313	3.68	1.86
313.5	3.68	1.86
314	3.68	1.86
314.5	3.68	1.86
315	3.68	1.86
315.5	3.68	1.86
316	3.68	1.86
316.5	3.68	1.86
317	3.68	1.86
317.5	3.68	1.86
318	3.68	1.86
318.5	3.68	1.86
319	3.68	1.86
319.5	3.68	1.86
320	3.68	1.86
320.5	3.68	1.86
321	3.68	1.86
321.5	3.69	1.86
322	3.69	1.86
322.5	3.69	1.86
323	3.69	1.86
323.5	3.69	1.86
324	3.69	1.86
324.5	3.69	1.86
325	3.7	1.86
325.5	3.7	1.86
326	3.7	1.86
326.5	3.7	1.86
327	3.7	1.86
327.5	3.7	1.86
328	3.7	1.86
328.5	3.71	1.86
329	3.71	1.86
329.5	3.71	1.86
330	3.72	1.86
330.5	3.72	1.86
331	3.73	1.86
331.5	3.73	1.86
332	3.74	1.86
332.5	3.74	1.86
333	3.74	1.86
333.5	3.75	1.86
334	3.75	1.86
334.5	3.76	1.86
335	3.76	1.86
335.5	3.77	1.86
336	3.77	1.86
336.5	3.78	1.86
337	3.78	1.86
337.5	3.79	1.86
338	3.79	1.86
338.5	3.8	1.86
339	3.8	1.87
339.5	3.81	1.87
340	3.81	1.87
340.5	3.82	1.87
341	3.82	1.87
341.5	3.82	1.87
342	3.83	1.87
342.5	3.83	1.87
343	3.84	1.87
343.5	3.84	1.87
344	3.85	1.87
344.5	3.86	1.87
345	3.86	1.87
345.5	3.87	1.86
346	3.88	1.86
346.5	3.88	1.86
347	3.89	1.86
347.5	3.9	1.86
348	3.9	1.86
348.5	3.91	1.86
349	3.92	1.86
349.5	3.92	1.86
350	3.93	1.86
350.5	3.94	1.86
351	3.94	1.85
351.5	3.95	1.85
352	3.96	1.85
352.5	3.96	1.85
353	3.97	1.85
353.5	3.98	1.85
354	3.98	1.85
354.5	3.99	1.85
355	4	1.85
355.5	4	1.85
356	4.01	1.85
356.5	4.02	1.84
357	4.03	1.84
357.5	4.04	1.84
358	4.05	1.84
358.5	4.06	1.84
359	4.07	1.84
359.5	4.08	1.84
360	4.08	1.83
360.5	4.09	1.83
361	4.1	1.83
361.5	4.11	1.83
362	4.12	1.83
362.5	4.13	1.83
363	4.14	1.82
363.5	4.15	1.82
364	4.16	1.81
364.5	4.17	1.8
365	4.18	1.79
365.5	4.19	1.79
366	4.21	1.78
366.5	4.22	1.77
367	4.23	1.77
367.5	4.24	1.76
368	4.25	1.75
368.5	4.26	1.75
369	4.27	1.74
369.5	4.28	1.73
370	4.29	1.72
370.5	4.3	1.72
371	4.31	1.71
371.5	4.32	1.7
372	4.33	1.7
372.5	4.34	1.69
373	4.35	1.68
373.5	4.36	1.68
374	4.36	1.67
374.5	4.37	1.66
375	4.38	1.65
375.5	4.39	1.65
376	4.4	1.64
376.5	4.41	1.63
377	4.42	1.63
377.5	4.43	1.62
378	4.44	1.6
378.5	4.44	1.59
379	4.45	1.58
379.5	4.46	1.57
380	4.47	1.55
380.5	4.48	1.54
381	4.48	1.53
381.5	4.49	1.52
382	4.5	1.5
382.5	4.51	1.49
383	4.52	1.48
383.5	4.53	1.46
384	4.53	1.45
384.5	4.54	1.44
385	4.55	1.43
385.5	4.56	1.41
386	4.57	1.4
386.5	4.57	1.38
387	4.57	1.35
387.5	4.58	1.33
388	4.58	1.3
388.5	4.58	1.27
389	4.58	1.25
389.5	4.59	1.22
390	4.59	1.19
390.5	4.59	1.18
391	4.59	1.16
391.5	4.59	1.15
392	4.59	1.13
392.5	4.59	1.11
393	4.59	1.1
393.5	4.59	1.08
394	4.59	1.07
394.5	4.59	1.05
395	4.59	1.04
395.5	4.59	1.03
396	4.58	1.01
396.5	4.58	1
397	4.57	0.99
397.5	4.57	0.98
398	4.57	0.96
398.5	4.56	0.95
399	4.56	0.94
399.5	4.56	0.93
400	4.55	0.92
400.5	4.55	0.9
401	4.55	0.89
401.5	4.54	0.88
402	4.54	0.87
402.5	4.53	0.86
403	4.52	0.85
403.5	4.52	0.84
404	4.51	0.83
404.5	4.51	0.82
405	4.5	0.81
405.5	4.5	0.8
406	4.49	0.79
406.5	4.49	0.78
407	4.48	0.77
407.5	4.47	0.76
408	4.47	0.75
408.5	4.46	0.74
409	4.46	0.74
409.5	4.45	0.73
410	4.45	0.72
410.5	4.44	0.71
411	4.43	0.71
411.5	4.43	0.7
412	4.42	0.69
412.5	4.42	0.69
413	4.41	0.68
413.5	4.4	0.68
414	4.4	0.67
414.5	4.39	0.67
415	4.39	0.66
415.5	4.38	0.66
416	4.37	0.65
416.5	4.37	0.65
417	4.36	0.64
417.5	4.35	0.64
418	4.35	0.63
418.5	4.34	0.63
419	4.34	0.62
419.5	4.33	0.62
420	4.32	0.61
420.5	4.32	0.61
421	4.31	0.6
421.5	4.31	0.6
422	4.3	0.59
422.5	4.29	0.59
423	4.29	0.58
423.5	4.28	0.58
424	4.28	0.57
424.5	4.27	0.57
425	4.26	0.56
425.5	4.26	0.56
426	4.25	0.55
426.5	4.25	0.55
427	4.25	0.55
427.5	4.24	0.54
428	4.24	0.54
428.5	4.23	0.54
429	4.23	0.53
429.5	4.22	0.53
430	4.22	0.53
430.5	4.22	0.52
431	4.21	0.52
431.5	4.21	0.51
432	4.2	0.51
432.5	4.2	0.51
433	4.19	0.5
433.5	4.19	0.5
434	4.18	0.5
434.5	4.18	0.49
435	4.18	0.49
435.5	4.17	0.49
436	4.17	0.48
436.5	4.16	0.48
437	4.16	0.48
437.5	4.15	0.47
438	4.15	0.47
438.5	4.15	0.47
439	4.14	0.47
439.5	4.14	0.46
440	4.14	0.46
440.5	4.13	0.46
441	4.13	0.46
441.5	4.13	0.45
442	4.12	0.45
442.5	4.12	0.45
443	4.11	0.45
443.5	4.11	0.44
444	4.11	0.44
444.5	4.1	0.44
445	4.1	0.44
445.5	4.1	0.43
446	4.09	0.43
446.5	4.09	0.43
447	4.09	0.43
447.5	4.08	0.42
448	4.08	0.42
448.5	4.08	0.42
449	4.07	0.42
449.5	4.07	0.41
450	4.06	0.41
450.5	4.06	0.41
451	4.06	0.41
451.5	4.05	0.4
452	4.05	0.4
452.5	4.05	0.4
453	4.04	0.4
453.5	4.04	0.39
454	4.04	0.39
454.5	4.03	0.39
455	4.03	0.39
455.5	4.03	0.38
456	4.02	0.38
456.5	4.02	0.38
457	4.02	0.38
457.5	4.01	0.38
458	4.01	0.38
458.5	4.01	0.38
459	4	0.38
459.5	4	0.38
460	4	0.38
460.5	4	0.37
461	3.99	0.37
461.5	3.99	0.37
462	3.99	0.37
462.5	3.98	0.37
463	3.98	0.37
463.5	3.98	0.37
464	3.97	0.37
464.5	3.97	0.37
465	3.97	0.36
465.5	3.97	0.36
466	3.96	0.36
466.5	3.96	0.36
467	3.96	0.36
467.5	3.95	0.36
468	3.95	0.36
468.5	3.95	0.36
469	3.94	0.36
469.5	3.94	0.36
470	3.94	0.35
470.5	3.94	0.35
471	3.93	0.35
471.5	3.93	0.35
472	3.93	0.35
472.5	3.92	0.35
473	3.92	0.35
473.5	3.92	0.35
474	3.91	0.35
474.5	3.91	0.34
475	3.91	0.34
475.5	3.91	0.34
476	3.9	0.34
476.5	3.9	0.34
477	3.9	0.34
477.5	3.9	0.34
478	3.9	0.33
478.5	3.89	0.33
479	3.89	0.33
479.5	3.89	0.33
480	3.89	0.33
480.5	3.89	0.33
481	3.89	0.32
481.5	3.88	0.32
482	3.88	0.32
482.5	3.88	0.32
483	3.88	0.32
483.5	3.88	0.32
484	3.87	0.31
484.5	3.87	0.31
485	3.87	0.31
485.5	3.87	0.31
486	3.87	0.31
486.5	3.87	0.31
487	3.86	0.3
487.5	3.86	0.3
488	3.86	0.3
488.5	3.86	0.3
489	3.86	0.3
489.5	3.85	0.3
490	3.85	0.29
490.5	3.85	0.29
491	3.85	0.29
491.5	3.85	0.29
492	3.85	0.29
492.5	3.84	0.29
493	3.84	0.28
493.5	3.84	0.28
494	3.84	0.28
494.5	3.84	0.28
495	3.84	0.28
495.5	3.83	0.28
496	3.83	0.27
496.5	3.83	0.27
497	3.83	0.27
497.5	3.83	0.27
498	3.82	0.27
498.5	3.82	0.27
499	3.82	0.26
499.5	3.82	0.26
500	3.82	0.26
500.5	3.82	0.26
501	3.81	0.26
501.5	3.81	0.26
502	3.81	0.25
502.5	3.81	0.25
503	3.81	0.25
503.5	3.81	0.25
504	3.8	0.25
504.5	3.8	0.25
505	3.8	0.24
505.5	3.8	0.24
506	3.8	0.24
506.5	3.79	0.24
507	3.79	0.24
507.5	3.79	0.24
508	3.79	0.23
508.5	3.79	0.23
509	3.79	0.23
509.5	3.78	0.23
510	3.78	0.23
510.5	3.78	0.23
511	3.78	0.23
511.5	3.78	0.23
512	3.78	0.23
512.5	3.77	0.23
513	3.77	0.23
513.5	3.77	0.23
514	3.77	0.23
514.5	3.77	0.23
515	3.77	0.23
515.5	3.77	0.23
516	3.76	0.22
516.5	3.76	0.22
517	3.76	0.22
517.5	3.76	0.22
518	3.76	0.22
518.5	3.76	0.22
519	3.76	0.22
519.5	3.75	0.22
520	3.75	0.22
520.5	3.75	0.22
521	3.75	0.22
521.5	3.75	0.22
522	3.75	0.22
522.5	3.75	0.22
523	3.74	0.22
523.5	3.74	0.22
524	3.74	0.22
524.5	3.74	0.22
525	3.74	0.22
525.5	3.74	0.22
526	3.74	0.22
526.5	3.73	0.22
527	3.73	0.22
527.5	3.73	0.22
528	3.73	0.22
528.5	3.73	0.22
529	3.73	0.22
529.5	3.73	0.22
530	3.72	0.22
530.5	3.72	0.22
531	3.72	0.22
531.5	3.72	0.22
532	3.72	0.22
532.5	3.72	0.22
533	3.72	0.22
533.5	3.71	0.22
534	3.71	0.22
534.5	3.71	0.22
535	3.71	0.22
535.5	3.71	0.22
536	3.71	0.22
536.5	3.71	0.22
537	3.7	0.22
537.5	3.7	0.22
538	3.7	0.22
538.5	3.7	0.22
539	3.7	0.22
539.5	3.7	0.21
540	3.7	0.21
540.5	3.69	0.21
541	3.69	0.21
541.5	3.69	0.21
542	3.69	0.21
542.5	3.69	0.21
543	3.69	0.21
543.5	3.69	0.21
544	3.68	0.21
544.5	3.68	0.21
545	3.68	0.21
545.5	3.68	0.21
546	3.68	0.21
546.5	3.68	0.21
547	3.68	0.21
547.5	3.68	0.21
548	3.67	0.21
548.5	3.67	0.21
549	3.67	0.21
549.5	3.67	0.2
550	3.67	0.2
550.5	3.67	0.2
551	3.67	0.2
551.5	3.67	0.2
552	3.67	0.2
552.5	3.66	0.2
553	3.66	0.2
553.5	3.66	0.2
554	3.66	0.2
554.5	3.66	0.2
555	3.66	0.2
555.5	3.66	0.2
556	3.66	0.2
556.5	3.66	0.19
557	3.65	0.19
557.5	3.65	0.19
558	3.65	0.19
558.5	3.65	0.19
559	3.65	0.19
559.5	3.65	0.19
560	3.65	0.19
560.5	3.65	0.19
561	3.65	0.19
561.5	3.64	0.19
562	3.64	0.19
562.5	3.64	0.19
563	3.64	0.19
563.5	3.64	0.18
564	3.64	0.18
564.5	3.64	0.18
565	3.64	0.18
565.5	3.64	0.18
566	3.63	0.18
566.5	3.63	0.18
567	3.63	0.18
567.5	3.63	0.18
568	3.63	0.18
568.5	3.63	0.18
569	3.63	0.18
569.5	3.63	0.18
570	3.63	0.17
570.5	3.62	0.17
571	3.62	0.17
571.5	3.62	0.17
572	3.62	0.17
572.5	3.62	0.17
573	3.62	0.17
573.5	3.62	0.17
574	3.62	0.17
574.5	3.62	0.17
575	3.62	0.17
575.5	3.62	0.17
576	3.61	0.17
576.5	3.61	0.17
577	3.61	0.17
577.5	3.61	0.17
578	3.61	0.17
578.5	3.61	0.17
579	3.61	0.17
579.5	3.61	0.17
580	3.61	0.17
580.5	3.61	0.17
581	3.61	0.17
581.5	3.61	0.17
582	3.61	0.17
582.5	3.61	0.17
583	3.61	0.17
583.5	3.61	0.17
584	3.61	0.17
584.5	3.6	0.17
585	3.6	0.17
585.5	3.6	0.17
586	3.6	0.17
586.5	3.6	0.17
587	3.6	0.17
587.5	3.6	0.17
588	3.6	0.17
588.5	3.6	0.17
589	3.6	0.17
589.5	3.6	0.17
590	3.6	0.17
590.5	3.6	0.17
591	3.6	0.17
591.5	3.6	0.17
592	3.6	0.17
592.5	3.6	0.17
593	3.6	0.17
593.5	3.6	0.17
594	3.6	0.17
594.5	3.6	0.17
595	3.6	0.17
595.5	3.6	0.17
596	3.6	0.17
596.5	3.6	0.17
597	3.6	0.17
597.5	3.6	0.17
598	3.6	0.17
598.5	3.6	0.17
599	3.6	0.17
599.5	3.6	0.17
600	3.6	0.17
600.5	3.6	0.17
601	3.6	0.17
601.5	3.6	0.17
602	3.6	0.17
602.5	3.6	0.17
603	3.6	0.17
603.5	3.6	0.17
604	3.6	0.17
604.5	3.6	0.17
605	3.6	0.17
605.5	3.6	0.17
606	3.6	0.17
606.5	3.6	0.17
607	3.6	0.17
607.5	3.6	0.17
608	3.6	0.17
608.5	3.6	0.17
609	3.6	0.17
609.5	3.6	0.17
610	3.6	0.17
610.5	3.6	0.17
611	3.6	0.17
611.5	3.6	0.17
612	3.6	0.17
612.5	3.6	0.17
613	3.6	0.17
613.5	3.6	0.17
614	3.6	0.17
614.5	3.6	0.17
615	3.6	0.17
615.5	3.6	0.17
616	3.6	0.17
616.5	3.6	0.17
617	3.6	0.17
617.5	3.6	0.17
618	3.6	0.17
618.5	3.6	0.17
619	3.6	0.17
619.5	3.6	0.17
620	3.6	0.17
620.5	3.6	0.17
621	3.6	0.17
621.5	3.6	0.17
622	3.6	0.16
622.5	3.6	0.16
623	3.6	0.16
623.5	3.6	0.16
624	3.6	0.16
624.5	3.6	0.16
625	3.6	0.16
625.5	3.6	0.16
626	3.6	0.16
626.5	3.6	0.16
627	3.6	0.16
627.5	3.6	0.16
628	3.6	0.16
628.5	3.6	0.16
629	3.6	0.16
629.5	3.6	0.16
630	3.6	0.16
630.5	3.6	0.16
631	3.6	0.16
631.5	3.6	0.15
632	3.6	0.15
632.5	3.6	0.15
633	3.6	0.15
633.5	3.6	0.15
634	3.6	0.15
634.5	3.6	0.15
635	3.6	0.15
635.5	3.6	0.15
636	3.6	0.15
636.5	3.6	0.15
637	3.6	0.15
637.5	3.6	0.15
638	3.6	0.15
638.5	3.6	0.15
639	3.6	0.14
639.5	3.6	0.14
640	3.6	0.14
640.5	3.6	0.14
641	3.6	0.14
641.5	3.6	0.14
642	3.6	0.14
642.5	3.6	0.14
643	3.6	0.13
643.5	3.6	0.13
644	3.6	0.13
644.5	3.6	0.13
645	3.6	0.13
645.5	3.6	0.13
646	3.6	0.13
646.5	3.6	0.13
647	3.6	0.12
647.5	3.6	0.12
648	3.6	0.12
648.5	3.6	0.12
649	3.6	0.12
649.5	3.6	0.12
650	3.6	0.12
650.5	3.6	0.11
651	3.6	0.11
651.5	3.6	0.11
652	3.6	0.11
652.5	3.6	0.1
653	3.6	0.1
653.5	3.6	0.1
654	3.6	0.1
654.5	3.6	0.09
655	3.6	0.09
655.5	3.6	0.09
656	3.6	0.09
656.5	3.59	0.08
657	3.59	0.08
657.5	3.59	0.08
658	3.59	0.08
658.5	3.59	0.07
659	3.59	0.07
659.5	3.59	0.07
660	3.59	0.06
660.5	3.59	0.06
661	3.59	0.06
661.5	3.59	0.05
662	3.59	0.05
662.5	3.58	0.05
663	3.58	0.04
663.5	3.58	0.04
664	3.58	0.04
664.5	3.58	0.03
665	3.58	0.03
665.5	3.58	0.03
666	3.58	0.02
666.5	3.57	0.02
667	3.57	0.02
667.5	3.57	0.01
668	3.57	0.01
668.5	3.57	0.01
669	3.57	0.01
669.5	3.57	0.01
670	3.57	0.01
670.5	3.57	0.01
671	3.56	0.01
671.5	3.56	0.01
672	3.56	0.01
672.5	3.56	0.01
673	3.56	0.01
673.5	3.56	0
674	3.56	0
674.5	3.56	4.32E-04
675	3.56	0
675.5	3.56	0
676	3.56	0
676.5	3.56	0
677	3.56	0
677.5	3.56	0
678	3.56	0
678.5	3.55	0
679	3.55	0
679.5	3.55	0
680	3.55	0
680.5	3.55	0
681	3.55	0
681.5	3.55	0
682	3.55	0
682.5	3.55	0
683	3.55	0
683.5	3.54	0
684	3.54	0
684.5	3.54	0
685	3.54	0
685.5	3.54	0
686	3.54	0
686.5	3.54	0
687	3.54	0
687.5	3.53	0
688	3.53	0
688.5	3.53	0
689	3.53	0
689.5	3.53	0
690	3.53	0
690.5	3.53	0
691	3.53	0
691.5	3.52	0
692	3.52	0
692.5	3.52	0
693	3.52	0
693.5	3.52	0
694	3.52	0
694.5	3.52	0
695	3.51	0
695.5	3.51	0
696	3.51	0
696.5	3.51	0
697	3.51	0
697.5	3.5	0
698	3.5	0
698.5	3.5	0
699	3.5	0
699.5	3.5	0
700	3.49	0
700.5	3.49	0
701	3.49	0
701.5	3.49	0
702	3.49	0
702.5	3.49	0
703	3.48	0
703.5	3.48	0
704	3.48	0
704.5	3.48	0
705	3.48	0
705.5	3.48	0
706	3.47	0
706.5	3.47	0
707	3.47	0
707.5	3.47	0
708	3.47	0
708.5	3.47	0
709	3.47	0
709.5	3.47	0
710	3.46	0
710.5	3.46	0
711	3.46	0
711.5	3.46	0
712	3.46	0
712.5	3.46	0
713	3.46	0
713.5	3.46	0
714	3.45	0
714.5	3.45	0
715	3.45	0
715.5	3.45	0
716	3.45	0
716.5	3.45	0
717	3.45	0
717.5	3.45	0
718	3.44	0
718.5	3.44	0
719	3.44	0
719.5	3.44	0
720	3.44	0
720.5	3.44	0
721	3.44	0
721.5	3.44	0
722	3.44	0
722.5	3.43	0
723	3.43	0
723.5	3.43	0
724	3.43	0
724.5	3.43	0
725	3.43	0
725.5	3.43	0
726	3.43	0
726.5	3.43	0
727	3.43	0
727.5	3.43	0
728	3.42	0
728.5	3.42	0
729	3.42	0
729.5	3.42	0
730	3.42	0
730.5	3.42	0
731	3.42	0
731.5	3.42	0
732	3.42	0
732.5	3.42	0
733	3.42	0
733.5	3.41	0
734	3.41	0
734.5	3.41	0
735	3.41	0
735.5	3.41	0
736	3.41	0
736.5	3.41	0
737	3.41	0
737.5	3.41	0
738	3.41	0
738.5	3.41	0
739	3.4	0
739.5	3.4	0
740	3.4	0
740.5	3.4	0
741	3.4	0
741.5	3.4	0
742	3.4	0
742.5	3.4	0
743	3.4	0
743.5	3.4	0
744	3.4	0
744.5	3.4	0
745	3.4	0
745.5	3.39	0
746	3.39	0
746.5	3.39	0
747	3.39	0
747.5	3.39	0
748	3.39	0
748.5	3.39	0
749	3.39	0
749.5	3.39	0
750	3.39	0
750.5	3.39	0
751	3.38	0
751.5	3.38	0
752	3.38	0
752.5	3.38	0
753	3.38	0
753.5	3.38	0
754	3.38	0
754.5	3.38	0
755	3.38	0
755.5	3.38	0
756	3.38	0
756.5	3.38	0
757	3.38	0
757.5	3.37	0
758	3.37	0
758.5	3.37	0
759	3.37	0
759.5	3.37	0
760	3.37	0
760.5	3.37	0
761	3.37	0
761.5	3.37	0
762	3.37	0
762.5	3.37	0
763	3.37	0
763.5	3.37	0
764	3.37	0
764.5	3.37	0
765	3.36	0
765.5	3.36	0
766	3.36	0
766.5	3.36	0
767	3.36	0
767.5	3.36	0
768	3.36	0
768.5	3.36	0
769	3.36	0
769.5	3.36	0
770	3.36	0
770.5	3.36	0
771	3.36	0
771.5	3.36	0
772	3.36	0
772.5	3.36	0
773	3.36	0
773.5	3.35	0
774	3.35	0
774.5	3.35	0
775	3.35	0
775.5	3.35	0
776	3.35	0
776.5	3.35	0
777	3.35	0
777.5	3.35	0
778	3.35	0
778.5	3.35	0
779	3.35	0
779.5	3.35	0
780	3.35	0
780.5	3.35	0
781	3.35	0
781.5	3.35	0
782	3.35	0
782.5	3.35	0
783	3.34	0
783.5	3.34	0
784	3.34	0
784.5	3.34	0
785	3.34	0
785.5	3.34	0
786	3.34	0
786.5	3.34	0
787	3.34	0
787.5	3.34	0
788	3.34	0
788.5	3.34	0
789	3.34	0
789.5	3.34	0
790	3.33	0
790.5	3.33	0
791	3.33	0
791.5	3.33	0
792	3.33	0
792.5	3.33	0
793	3.33	0
793.5	3.33	0
794	3.33	0
794.5	3.33	0
795	3.33	0
795.5	3.33	0
796	3.33	0
796.5	3.33	0
797	3.33	0
797.5	3.33	0
798	3.33	0
798.5	3.33	0
799	3.33	0
799.5	3.33	0
800	3.32	0
800.5	3.32	0
801	3.32	0
801.5	3.32	0
802	3.32	0
802.5	3.32	0
803	3.32	0
803.5	3.32	0
804	3.32	0
804.5	3.32	0
805	3.32	0
805.5	3.32	0
806	3.32	0
806.5	3.32	0
807	3.32	0
807.5	3.32	0
808	3.32	0
808.5	3.32	0
809	3.32	0
809.5	3.32	0
810	3.31	0
810.5	3.31	0
811	3.31	0
811.5	3.31	0
812	3.31	0
812.5	3.31	0
813	3.31	0
813.5	3.31	0
814	3.31	0
814.5	3.31	0
815	3.31	0
815.5	3.31	0
816	3.31	0
816.5	3.31	0
817	3.31	0
817.5	3.31	0
818	3.31	0
818.5	3.31	0
819	3.31	0
819.5	3.31	0
820	3.31	0
820.5	3.3	0
821	3.3	0
821.5	3.3	0
822	3.3	0
822.5	3.3	0
823	3.3	0
823.5	3.3	0
824	3.3	0
824.5	3.3	0
825	3.3	0
825.5	3.3	0
826	3.3	0
826.5	3.3	0
827	3.3	0
827.5	3.3	0
828	3.3	0
828.5	3.3	0
829	3.3	0
829.5	3.3	0
830	3.3	0
830.5	3.29	0
831	3.29	0
831.5	3.29	0
832	3.29	0
832.5	3.29	0
833	3.29	0
833.5	3.29	0
834	3.29	0
834.5	3.29	0
835	3.29	0
835.5	3.29	0
836	3.29	0
836.5	3.29	0
837	3.29	0
837.5	3.29	0
838	3.29	0
838.5	3.29	0
839	3.29	0
839.5	3.29	0
840	3.29	0
840.5	3.28	0
841	3.28	0
841.5	3.28	0
842	3.28	0
842.5	3.28	0
843	3.28	0
843.5	3.28	0
844	3.28	0
844.5	3.28	0
845	3.28	0
845.5	3.28	0
846	3.28	0
846.5	3.28	0
847	3.28	0
847.5	3.28	0
848	3.28	0
848.5	3.28	0
849	3.28	0
849.5	3.28	0
850	3.28	0
850.5	3.28	0
851	3.28	0
851.5	3.28	0
852	3.28	0
852.5	3.28	0
853	3.28	0
853.5	3.27	0
854	3.27	0
854.5	3.27	0
855	3.27	0
855.5	3.27	0
856	3.27	0
856.5	3.27	0
857	3.27	0
857.5	3.27	0
858	3.27	0
858.5	3.27	0
859	3.27	0
859.5	3.27	0
860	3.27	0
860.5	3.27	0
861	3.27	0
861.5	3.27	0
862	3.27	0
862.5	3.27	0
863	3.27	0
863.5	3.27	0
864	3.27	0
864.5	3.27	0
865	3.27	0
865.5	3.27	0
866	3.27	0
866.5	3.27	0
867	3.27	0
867.5	3.26	0
868	3.26	0
868.5	3.26	0
869	3.26	0
869.5	3.26	0
870	3.26	0
870.5	3.26	0
871	3.26	0
871.5	3.26	0
872	3.26	0
872.5	3.26	0
873	3.26	0
873.5	3.26	0
874	3.26	0
874.5	3.26	0
875	3.26	0
875.5	3.26	0
876	3.26	0
876.5	3.26	0
877	3.26	0
877.5	3.26	0
878	3.26	0
878.5	3.26	0
879	3.26	0
879.5	3.26	0
880	3.26	0
880.5	3.26	0
881	3.26	0
881.5	3.26	0
882	3.26	0
882.5	3.26	0
883	3.26	0
883.5	3.26	0
884	3.26	0
884.5	3.26	0
885	3.25	0
885.5	3.25	0
886	3.25	0
886.5	3.25	0
887	3.25	0
887.5	3.25	0
888	3.25	0
888.5	3.25	0
889	3.25	0
889.5	3.25	0
890	3.25	0
890.5	3.25	0
891	3.25	0
891.5	3.25	0
892	3.25	0
892.5	3.25	0
893	3.25	0
893.5	3.25	0
894	3.25	0
894.5	3.25	0
895	3.25	0
895.5	3.25	0
896	3.25	0
896.5	3.25	0
897	3.25	0
897.5	3.25	0
898	3.25	0
898.5	3.25	0
899	3.25	0
899.5	3.25	0
900	3.25	0
900.5	3.24	0
901	3.24	0
901.5	3.24	0
902	3.24	0
902.5	3.24	0
903	3.24	0
903.5	3.24	0
904	3.24	0
904.5	3.24	0
905	3.24	0
905.5	3.24	0
906	3.24	0
906.5	3.24	0
907	3.24	0
907.5	3.24	0
908	3.24	0
908.5	3.24	0
909	3.24	0
909.5	3.24	0
910	3.24	0
910.5	3.24	0
911	3.24	0
911.5	3.24	0
912	3.24	0
912.5	3.24	0
913	3.24	0
913.5	3.24	0
914	3.24	0
914.5	3.24	0
915	3.24	0
915.5	3.24	0
916	3.24	0
916.5	3.24	0
917	3.24	0
917.5	3.24	0
918	3.24	0
918.5	3.24	0
919	3.24	0
919.5	3.24	0
920	3.24	0
920.5	3.23	0
921	3.23	0
921.5	3.23	0
922	3.23	0
922.5	3.23	0
923	3.23	0
923.5	3.23	0
924	3.23	0
924.5	3.23	0
925	3.23	0
925.5	3.23	0
926	3.23	0
926.5	3.23	0
927	3.23	0
927.5	3.23	0
928	3.23	0
928.5	3.23	0
929	3.23	0
929.5	3.23	0
930	3.23	0
930.5	3.23	0
931	3.23	0
931.5	3.23	0
932	3.23	0
932.5	3.23	0
933	3.23	0
933.5	3.23	0
934	3.23	0
934.5	3.23	0
935	3.23	0
935.5	3.23	0
936	3.23	0
936.5	3.23	0
937	3.23	0
937.5	3.23	0
938	3.23	0
938.5	3.23	0
939	3.23	0
939.5	3.22	0
940	3.22	0
940.5	3.22	0
941	3.22	0
941.5	3.22	0
942	3.22	0
942.5	3.22	0
943	3.22	0
943.5	3.22	0
944	3.22	0
944.5	3.22	0
945	3.22	0
945.5	3.22	0
946	3.22	0
946.5	3.22	0
947	3.22	0
947.5	3.22	0
948	3.22	0
948.5	3.22	0
949	3.22	0
949.5	3.22	0
950	3.22	0
950.5	3.22	0
951	3.22	0
951.5	3.22	0
952	3.22	0
952.5	3.22	0
953	3.22	0
953.5	3.22	0
954	3.22	0
954.5	3.22	0
955	3.22	0
955.5	3.22	0
956	3.22	0
956.5	3.22	0
957	3.22	0
957.5	3.22	0
958	3.22	0
958.5	3.22	0
959	3.22	0
959.5	3.22	0
960	3.22	0
960.5	3.22	0
961	3.22	0
961.5	3.22	0
962	3.22	0
962.5	3.22	0
963	3.22	0
963.5	3.22	0
964	3.22	0
964.5	3.22	0
965	3.22	0
965.5	3.22	0
966	3.22	0
966.5	3.22	0
967	3.22	0
967.5	3.22	0
968	3.22	0
968.5	3.22	0
969	3.22	0
969.5	3.22	0
970	3.21	0
970.5	3.21	0
971	3.21	0
971.5	3.21	0
972	3.21	0
972.5	3.21	0
973	3.21	0
973.5	3.21	0
974	3.21	0
974.5	3.21	0
975	3.21	0
975.5	3.21	0
976	3.21	0
976.5	3.21	0
977	3.21	0
977.5	3.21	0
978	3.21	0
978.5	3.21	0
979	3.21	0
979.5	3.21	0
980	3.21	0
980.5	3.21	0
981	3.21	0
981.5	3.21	0
982	3.21	0
982.5	3.21	0
983	3.21	0
983.5	3.21	0
984	3.21	0
984.5	3.21	0
985	3.21	0
985.5	3.21	0
986	3.21	0
986.5	3.21	0
987	3.21	0
987.5	3.21	0
988	3.21	0
988.5	3.21	0
989	3.21	0
989.5	3.21	0
990	3.21	0
990.5	3.21	0
991	3.21	0
991.5	3.21	0
992	3.21	0
992.5	3.21	0
993	3.21	0
993.5	3.21	0
994	3.21	0
994.5	3.21	0
995	3.21	0
995.5	3.21	0
996	3.21	0
996.5	3.21	0
997	3.21	0
997.5	3.21	0
998	3.21	0
998.5	3.21	0
999	3.21	0
999.5	3.21	0
1000	3.21	0
1000.5	3.21	0
1001	3.21	0
1001.5	3.21	0
1002	3.21	0
1002.5	3.21	0
1003	3.21	0
1003.5	3.21	0
1004	3.21	0
1004.5	3.21	0
1005	3.21	0
1005.5	3.21	0
1006	3.21	0
1006.5	3.21	0
1007	3.21	0
1007.5	3.21	0
1008	3.2	0
1008.5	3.2	0
1009	3.2	0
1009.5	3.2	0
1010	3.2	0
1010.5	3.2	0
1011	3.2	0
1011.5	3.2	0
1012	3.2	0
1012.5	3.2	0
1013	3.2	0
1013.5	3.2	0
1014	3.2	0
1014.5	3.2	0
1015	3.2	0
1015.5	3.2	0
1016	3.2	0
1016.5	3.2	0
1017	3.2	0
1017.5	3.2	0
1018	3.2	0
1018.5	3.2	0
1019	3.2	0
1019.5	3.2	0
1020	3.2	0
1020.5	3.2	0
1021	3.2	0
1021.5	3.2	0
1022	3.2	0
1022.5	3.2	0
1023	3.2	0
1023.5	3.2	0
1024	3.2	0
1024.5	3.2	0
1025	3.2	0
1025.5	3.2	0
1026	3.2	0
1026.5	3.2	0
1027	3.2	0
1027.5	3.2	0
1028	3.2	0
1028.5	3.2	0
1029	3.2	0
1029.5	3.2	0
1030	3.2	0
1030.5	3.2	0
1031	3.2	0
1031.5	3.2	0
1032	3.2	0
1032.5	3.2	0
1033	3.2	0
1033.5	3.2	0
1034	3.2	0
1034.5	3.2	0
1035	3.2	0
1035.5	3.2	0
1036	3.2	0
1036.5	3.2	0
1037	3.2	0
1037.5	3.2	0
1038	3.2	0
1038.5	3.2	0
1039	3.2	0
1039.5	3.2	0
1040	3.2	0
1040.5	3.2	0
1041	3.2	0
1041.5	3.2	0
1042	3.2	0
1042.5	3.2	0
1043	3.2	0
1043.5	3.2	0
1044	3.2	0
1044.5	3.2	0
1045	3.2	0
1045.5	3.19	0
1046	3.19	0
1046.5	3.19	0
1047	3.19	0
1047.5	3.19	0
1048	3.19	0
1048.5	3.19	0
1049	3.19	0
1049.5	3.19	0
1050	3.19	0
1050.5	3.19	0
1051	3.19	0
1051.5	3.19	0
1052	3.19	0
1052.5	3.19	0
1053	3.19	0
1053.5	3.19	0
1054	3.19	0
1054.5	3.19	0
1055	3.19	0
1055.5	3.19	0
1056	3.19	0
1056.5	3.19	0
1057	3.19	0
1057.5	3.19	0
1058	3.19	0
1058.5	3.19	0
1059	3.19	0
1059.5	3.19	0
1060	3.19	0
1060.5	3.19	0
1061	3.19	0
1061.5	3.19	0
1062	3.19	0
1062.5	3.19	0
1063	3.19	0
1063.5	3.19	0
1064	3.19	0
1064.5	3.19	0
1065	3.19	0
1065.5	3.19	0
1066	3.19	0
1066.5	3.19	0
1067	3.19	0
1067.5	3.19	0
1068	3.19	0
1068.5	3.19	0
1069	3.19	0
1069.5	3.19	0
1070	3.19	0
1070.5	3.19	0
1071	3.19	0
1071.5	3.19	0
1072	3.19	0
1072.5	3.19	0
1073	3.19	0
1073.5	3.19	0
1074	3.19	0
1074.5	3.19	0
1075	3.19	0
1075.5	3.19	0
1076	3.19	0
1076.5	3.19	0
1077	3.19	0
1077.5	3.19	0
1078	3.19	0
1078.5	3.19	0
1079	3.19	0
1079.5	3.19	0
1080	3.19	0
1080.5	3.19	0
1081	3.19	0
1081.5	3.19	0
1082	3.19	0
1082.5	3.19	0
1083	3.18	0
1083.5	3.18	0
1084	3.18	0
1084.5	3.18	0
1085	3.18	0
1085.5	3.18	0
1086	3.18	0
1086.5	3.18	0
1087	3.18	0
1087.5	3.18	0
1088	3.18	0
1088.5	3.18	0
1089	3.18	0
1089.5	3.18	0
1090	3.18	0
1090.5	3.18	0
1091	3.18	0
1091.5	3.18	0
1092	3.18	0
1092.5	3.18	0
1093	3.18	0
1093.5	3.18	0
1094	3.18	0
1094.5	3.18	0
1095	3.18	0
1095.5	3.18	0
1096	3.18	0
1096.5	3.18	0
1097	3.18	0
1097.5	3.18	0
1098	3.18	0
1098.5	3.18	0
1099	3.18	0
1099.5	3.18	0
1100	3.18	0
1100.5	3.18	0
1101	3.18	0
1101.5	3.18	0
1102	3.18	0
1102.5	3.18	0
1103	3.18	0
1103.5	3.18	0
1104	3.18	0
1104.5	3.18	0
1105	3.18	0
1105.5	3.18	0
1106	3.18	0
1106.5	3.18	0
1107	3.18	0
1107.5	3.18	0
1108	3.18	0
1108.5	3.18	0
1109	3.18	0
1109.5	3.18	0
1110	3.18	0
1110.5	3.18	0
1111	3.18	0
1111.5	3.18	0
1112	3.18	0
1112.5	3.18	0
1113	3.18	0
1113.5	3.18	0
1114	3.18	0
1114.5	3.18	0
1115	3.18	0
1115.5	3.18	0
1116	3.18	0
1116.5	3.18	0
1117	3.18	0
1117.5	3.18	0
1118	3.18	0
1118.5	3.18	0
1119	3.18	0
1119.5	3.18	0
1120	3.18	0
1120.5	3.18	0
1121	3.17	0
1121.5	3.17	0
1122	3.17	0
1122.5	3.17	0
1123	3.17	0
1123.5	3.17	0
1124	3.17	0
1124.5	3.17	0
1125	3.17	0
1125.5	3.17	0
1126	3.17	0
1126.5	3.17	0
1127	3.17	0
1127.5	3.17	0
1128	3.17	0
1128.5	3.17	0
1129	3.17	0
1129.5	3.17	0
1130	3.17	0
1130.5	3.17	0
1131	3.17	0
1131.5	3.17	0
1132	3.17	0
1132.5	3.17	0
1133	3.17	0
1133.5	3.17	0
1134	3.17	0
1134.5	3.17	0
1135	3.17	0
1135.5	3.17	0
1136	3.17	0
1136.5	3.17	0
1137	3.17	0
1137.5	3.17	0
1138	3.17	0
1138.5	3.17	0
1139	3.17	0
1139.5	3.17	0
1140	3.17	0
1140.5	3.17	0
1141	3.17	0
1141.5	3.17	0
1142	3.17	0
1142.5	3.17	0
1143	3.17	0
1143.5	3.17	0
1144	3.17	0
1144.5	3.17	0
1145	3.17	0
1145.5	3.17	0
1146	3.17	0
1146.5	3.17	0
1147	3.17	0
1147.5	3.17	0
1148	3.17	0
1148.5	3.17	0
1149	3.17	0
1149.5	3.17	0
1150	3.17	0
1150.5	3.17	0
1151	3.17	0
1151.5	3.17	0
1152	3.17	0
1152.5	3.17	0
1153	3.17	0
1153.5	3.17	0
1154	3.17	0
1154.5	3.17	0
1155	3.17	0
1155.5	3.17	0
1156	3.17	0
1156.5	3.17	0
1157	3.17	0
1157.5	3.17	0
1158	3.17	0
1158.5	3.16	0
1159	3.16	0
1159.5	3.16	0
1160	3.16	0
1160.5	3.16	0
1161	3.16	0
1161.5	3.16	0
1162	3.16	0
1162.5	3.16	0
1163	3.16	0
1163.5	3.16	0
1164	3.16	0
1164.5	3.16	0
1165	3.16	0
1165.5	3.16	0
1166	3.16	0
1166.5	3.16	0
1167	3.16	0
1167.5	3.16	0
1168	3.16	0
1168.5	3.16	0
1169	3.16	0
1169.5	3.16	0
1170	3.16	0
1170.5	3.16	0
1171	3.16	0
1171.5	3.16	0
1172	3.16	0
1172.5	3.16	0
1173	3.16	0
1173.5	3.16	0
1174	3.16	0
1174.5	3.16	0
1175	3.16	0
1175.5	3.16	0
1176	3.16	0
1176.5	3.16	0
1177	3.16	0
1177.5	3.16	0
1178	3.16	0
1178.5	3.16	0
1179	3.16	0
1179.5	3.16	0
1180	3.16	0
1180.5	3.16	0
1181	3.16	0
1181.5	3.16	0
1182	3.16	0
1182.5	3.16	0
1183	3.16	0
1183.5	3.16	0
1184	3.16	0
1184.5	3.16	0
1185	3.16	0
1185.5	3.16	0
1186	3.16	0
1186.5	3.16	0
1187	3.16	0
1187.5	3.16	0
1188	3.16	0
1188.5	3.16	0
1189	3.16	0
1189.5	3.16	0
1190	3.16	0
1190.5	3.16	0
1191	3.16	0
1191.5	3.16	0
1192	3.16	0
1192.5	3.16	0
1193	3.16	0
1193.5	3.16	0
1194	3.16	0
1194.5	3.16	0
1195	3.16	0
1195.5	3.16	0
1196	3.15	0
1196.5	3.15	0
1197	3.15	0
1197.5	3.15	0
1198	3.15	0
1198.5	3.15	0
1199	3.15	0
1199.5	3.15	0
1200	3.15	0
1200.5	3.15	0
1201	3.15	0
1201.5	3.15	0
1202	3.15	0
1202.5	3.15	0
1203	3.15	0
1203.5	3.15	0
1204	3.15	0
1204.5	3.15	0
1205	3.15	0
1205.5	3.15	0
1206	3.15	0
1206.5	3.15	0
1207	3.15	0
1207.5	3.15	0
1208	3.15	0
1208.5	3.15	0
1209	3.15	0
1209.5	3.15	0
1210	3.15	0
1210.5	3.15	0
1211	3.15	0
1211.5	3.15	0
1212	3.15	0
1212.5	3.15	0
1213	3.15	0
1213.5	3.15	0
1214	3.15	0
1214.5	3.15	0
1215	3.15	0
1215.5	3.15	0
1216	3.15	0
1216.5	3.15	0
1217	3.15	0
1217.5	3.15	0
1218	3.15	0
1218.5	3.15	0
1219	3.15	0
1219.5	3.15	0
1220	3.15	0
1220.5	3.15	0
1221	3.15	0
1221.5	3.15	0
1222	3.15	0
1222.5	3.15	0
1223	3.15	0
1223.5	3.15	0
1224	3.15	0
1224.5	3.15	0
1225	3.15	0
1225.5	3.15	0
1226	3.15	0
1226.5	3.15	0
1227	3.15	0
1227.5	3.15	0
1228	3.15	0
1228.5	3.15	0
1229	3.15	0
1229.5	3.15	0
1230	3.15	0
1230.5	3.15	0
1231	3.15	0
1231.5	3.15	0
1232	3.15	0
1232.5	3.15	0
1233	3.15	0
1233.5	3.14	0
1234	3.14	0
1234.5	3.14	0
1235	3.14	0
1235.5	3.14	0
1236	3.14	0
1236.5	3.14	0
1237	3.14	0
1237.5	3.14	0
1238	3.14	0
1238.5	3.14	0
1239	3.14	0
1239.5	3.14	0
1240	3.14	0
1240.5	3.14	0
1241	3.14	0
1241.5	3.14	0
1242	3.14	0
1242.5	3.14	0
1243	3.14	0
1243.5	3.14	0
1244	3.14	0
1244.5	3.14	0
1245	3.14	0
1245.5	3.14	0
1246	3.14	0
1246.5	3.14	0
1247	3.14	0
1247.5	3.14	0
1248	3.14	0
1248.5	3.14	0
1249	3.14	0
1249.5	3.14	0
1250	3.14	0
1250.5	3.14	0
1251	3.14	0
1251.5	3.14	0
1252	3.14	0
1252.5	3.14	0
1253	3.14	0
1253.5	3.14	0
1254	3.14	0
1254.5	3.14	0
1255	3.14	0
1255.5	3.14	0
1256	3.14	0
1256.5	3.14	0
1257	3.14	0
1257.5	3.14	0
1258	3.14	0
1258.5	3.14	0
1259	3.14	0
1259.5	3.14	0
1260	3.14	0
1260.5	3.14	0
1261	3.14	0
1261.5	3.14	0
1262	3.14	0
1262.5	3.14	0
1263	3.14	0
1263.5	3.14	0
1264	3.14	0
1264.5	3.14	0
1265	3.14	0
1265.5	3.14	0
1266	3.14	0
1266.5	3.14	0
1267	3.14	0
1267.5	3.14	0
1268	3.14	0
1268.5	3.14	0
1269	3.14	0
1269.5	3.14	0
1270	3.14	0
1270.5	3.14	0
1271	3.14	0
1271.5	3.13	0
1272	3.13	0
1272.5	3.13	0
1273	3.13	0
1273.5	3.13	0
1274	3.13	0
1274.5	3.13	0
1275	3.13	0
1275.5	3.13	0
1276	3.13	0
1276.5	3.13	0
1277	3.13	0
1277.5	3.13	0
1278	3.13	0
1278.5	3.13	0
1279	3.13	0
1279.5	3.13	0
1280	3.13	0
1280.5	3.13	0
1281	3.13	0
1281.5	3.13	0
1282	3.13	0
1282.5	3.13	0
1283	3.13	0
1283.5	3.13	0
1284	3.13	0
1284.5	3.13	0
1285	3.13	0
1285.5	3.13	0
1286	3.13	0
1286.5	3.13	0
1287	3.13	0
1287.5	3.13	0
1288	3.13	0
1288.5	3.13	0
1289	3.13	0
1289.5	3.13	0
1290	3.13	0
1290.5	3.13	0
1291	3.13	0
1291.5	3.13	0
1292	3.13	0
1292.5	3.13	0
1293	3.13	0
1293.5	3.13	0
1294	3.13	0
1294.5	3.13	0
1295	3.13	0
1295.5	3.13	0
1296	3.13	0
1296.5	3.13	0
1297	3.13	0
1297.5	3.13	0
1298	3.13	0
1298.5	3.13	0
1299	3.13	0
1299.5	3.13	0
1300	3.13	0
1300.5	3.13	0
1301	3.13	0
1301.5	3.13	0
1302	3.13	0
1302.5	3.13	0
1303	3.13	0
1303.5	3.13	0
1304	3.13	0
1304.5	3.13	0
1305	3.13	0
1305.5	3.13	0
1306	3.13	0
1306.5	3.13	0
1307	3.13	0
1307.5	3.13	0
1308	3.13	0
1308.5	3.13	0
1309	3.12	0
1309.5	3.12	0
1310	3.12	0
1310.5	3.12	0
1311	3.12	0
1311.5	3.12	0
1312	3.12	0
1312.5	3.12	0
1313	3.12	0
1313.5	3.12	0
1314	3.12	0
1314.5	3.12	0
1315	3.12	0
1315.5	3.12	0
1316	3.12	0
1316.5	3.12	0
1317	3.12	0
1317.5	3.12	0
1318	3.12	0
1318.5	3.12	0
1319	3.12	0
1319.5	3.12	0
1320	3.12	0
1320.5	3.12	0
1321	3.12	0
1321.5	3.12	0
1322	3.12	0
1322.5	3.12	0
1323	3.12	0
1323.5	3.12	0
1324	3.12	0
1324.5	3.12	0
1325	3.12	0
1325.5	3.12	0
1326	3.12	0
1326.5	3.12	0
1327	3.12	0
1327.5	3.12	0
1328	3.12	0
1328.5	3.12	0
1329	3.12	0
1329.5	3.12	0
1330	3.12	0
1330.5	3.12	0
1331	3.12	0
1331.5	3.12	0
1332	3.12	0
1332.5	3.12	0
1333	3.12	0
1333.5	3.12	0
1334	3.12	0
1334.5	3.12	0
1335	3.12	0
1335.5	3.12	0
1336	3.12	0
1336.5	3.12	0
1337	3.12	0
1337.5	3.12	0
1338	3.12	0
1338.5	3.12	0
1339	3.12	0
1339.5	3.12	0
1340	3.12	0
1340.5	3.12	0
1341	3.12	0
1341.5	3.12	0
1342	3.12	0
1342.5	3.12	0
1343	3.12	0
1343.5	3.12	0
1344	3.12	0
1344.5	3.12	0
1345	3.12	0
1345.5	3.12	0
1346	3.12	0
1346.5	3.11	0
1347	3.11	0
1347.5	3.11	0
1348	3.11	0
1348.5	3.11	0
1349	3.11	0
1349.5	3.11	0
1350	3.11	0
1350.5	3.11	0
1351	3.11	0
1351.5	3.11	0
1352	3.11	0
1352.5	3.11	0
1353	3.11	0
1353.5	3.11	0
1354	3.11	0
1354.5	3.11	0
1355	3.11	0
1355.5	3.11	0
1356	3.11	0
1356.5	3.11	0
1357	3.11	0
1357.5	3.11	0
1358	3.11	0
1358.5	3.11	0
1359	3.11	0
1359.5	3.11	0
1360	3.11	0
1360.5	3.11	0
1361	3.11	0
1361.5	3.11	0
1362	3.11	0
1362.5	3.11	0
1363	3.11	0
1363.5	3.11	0
1364	3.11	0
1364.5	3.11	0
1365	3.11	0
1365.5	3.11	0
1366	3.11	0
1366.5	3.11	0
1367	3.11	0
1367.5	3.11	0
1368	3.11	0
1368.5	3.11	0
1369	3.11	0
1369.5	3.11	0
1370	3.11	0
1370.5	3.11	0
1371	3.11	0
1371.5	3.11	0
1372	3.11	0
1372.5	3.11	0
1373	3.11	0
1373.5	3.11	0
1374	3.11	0
1374.5	3.11	0
1375	3.11	0
1375.5	3.11	0
1376	3.11	0
1376.5	3.11	0
1377	3.11	0
1377.5	3.11	0
1378	3.11	0
1378.5	3.11	0
1379	3.11	0
1379.5	3.11	0
1380	3.11	0
1380.5	3.11	0
1381	3.11	0
1381.5	3.11	0
1382	3.11	0
1382.5	3.11	0
1383	3.11	0
1383.5	3.11	0
1384	3.11	0
1384.5	3.1	0
1385	3.1	0
1385.5	3.1	0
1386	3.1	0
1386.5	3.1	0
1387	3.1	0
1387.5	3.1	0
1388	3.1	0
1388.5	3.1	0
1389	3.1	0
1389.5	3.1	0
1390	3.1	0
1390.5	3.1	0
1391	3.1	0
1391.5	3.1	0
1392	3.1	0
1392.5	3.1	0
1393	3.1	0
1393.5	3.1	0
1394	3.1	0
1394.5	3.1	0
1395	3.1	0
1395.5	3.1	0
1396	3.1	0
1396.5	3.1	0
1397	3.1	0
1397.5	3.1	0
1398	3.1	0
1398.5	3.1	0
1399	3.1	0
1399.5	3.1	0
1400	3.1	0
1400.5	3.1	0
1401	3.1	0
1401.5	3.1	0
1402	3.1	0
1402.5	3.1	0
1403	3.1	0
1403.5	3.1	0
1404	3.1	0
1404.5	3.1	0
1405	3.1	0
1405.5	3.1	0
1406	3.1	0
1406.5	3.1	0
1407	3.1	0
1407.5	3.1	0
1408	3.1	0
1408.5	3.1	0
1409	3.1	0
1409.5	3.1	0
1410	3.1	0
1410.5	3.1	0
1411	3.1	0
1411.5	3.1	0
1412	3.1	0
1412.5	3.1	0
1413	3.1	0
1413.5	3.1	0
1414	3.1	0
1414.5	3.1	0
1415	3.1	0
1415.5	3.1	0
1416	3.1	0
1416.5	3.1	0
1417	3.1	0
1417.5	3.1	0
1418	3.1	0
1418.5	3.1	0
1419	3.1	0
1419.5	3.1	0
1420	3.1	0
1420.5	3.1	0
1421	3.1	0
1421.5	3.1	0
1422	3.09	0
1422.5	3.09	0
1423	3.09	0
1423.5	3.09	0
1424	3.09	0
1424.5	3.09	0
1425	3.09	0
1425.5	3.09	0
1426	3.09	0
1426.5	3.09	0
1427	3.09	0
1427.5	3.09	0
1428	3.09	0
1428.5	3.09	0
1429	3.09	0
1429.5	3.09	0
1430	3.09	0
1430.5	3.09	0
1431	3.09	0
1431.5	3.09	0
1432	3.09	0
1432.5	3.09	0
1433	3.09	0
1433.5	3.09	0
1434	3.09	0
1434.5	3.09	0
1435	3.09	0
1435.5	3.09	0
1436	3.09	0
1436.5	3.09	0
1437	3.09	0
1437.5	3.09	0
1438	3.09	0
1438.5	3.09	0
1439	3.09	0
1439.5	3.09	0
1440	3.09	0
1440.5	3.09	0
1441	3.09	0
1441.5	3.09	0
1442	3.09	0
1442.5	3.09	0
1443	3.09	0
1443.5	3.09	0
1444	3.09	0
1444.5	3.09	0
1445	3.09	0
1445.5	3.09	0
1446	3.09	0
1446.5	3.09	0
1447	3.09	0
1447.5	3.09	0
1448	3.09	0
1448.5	3.09	0
1449	3.09	0
1449.5	3.09	0
1450	3.09	0
1450.5	3.09	0
1451	3.09	0
1451.5	3.09	0
1452	3.09	0
1452.5	3.09	0
1453	3.09	0
1453.5	3.09	0
1454	3.09	0
1454.5	3.09	0
1455	3.09	0
1455.5	3.09	0
1456	3.09	0
1456.5	3.09	0
1457	3.09	0
1457.5	3.09	0
1458	3.09	0
1458.5	3.09	0
1459	3.09	0
1459.5	3.08	0
1460	3.08	0
1460.5	3.08	0
1461	3.08	0
1461.5	3.08	0
1462	3.08	0
1462.5	3.08	0
1463	3.08	0
1463.5	3.08	0
1464	3.08	0
1464.5	3.08	0
1465	3.08	0
1465.5	3.08	0
1466	3.08	0
1466.5	3.08	0
1467	3.08	0
1467.5	3.08	0
1468	3.08	0
1468.5	3.08	0
1469	3.08	0
1469.5	3.08	0
1470	3.08	0
1470.5	3.08	0
1471	3.08	0
1471.5	3.08	0
1472	3.08	0
1472.5	3.08	0
1473	3.08	0
1473.5	3.08	0
1474	3.08	0
1474.5	3.08	0
1475	3.08	0
1475.5	3.08	0
1476	3.08	0
1476.5	3.08	0
1477	3.08	0
1477.5	3.08	0
1478	3.08	0
1478.5	3.08	0
1479	3.08	0
1479.5	3.08	0
1480	3.08	0
1480.5	3.08	0
1481	3.08	0
1481.5	3.08	0
1482	3.08	0
1482.5	3.08	0
1483	3.08	0
1483.5	3.08	0
1484	3.08	0
1484.5	3.08	0
1485	3.08	0
1485.5	3.08	0
1486	3.08	0
1486.5	3.08	0
1487	3.08	0
1487.5	3.08	0
1488	3.08	0
1488.5	3.08	0
1489	3.08	0
1489.5	3.08	0
1490	3.08	0
1490.5	3.08	0
1491	3.08	0
1491.5	3.08	0
1492	3.08	0
1492.5	3.08	0
1493	3.08	0
1493.5	3.08	0
1494	3.08	0
1494.5	3.08	0
1495	3.08	0
1495.5	3.08	0
1496	3.08	0
1496.5	3.08	0
1497	3.07	0
1497.5	3.07	0
1498	3.07	0
1498.5	3.07	0
1499	3.07	0
1499.5	3.07	0
1500	3.07	0
1500.5	3.07	0
1501	3.07	0
1501.5	3.07	0
1502	3.07	0
1502.5	3.07	0
1503	3.07	0
1503.5	3.07	0
1504	3.07	0
1504.5	3.07	0
1505	3.07	0
1505.5	3.07	0
1506	3.07	0
1506.5	3.07	0
1507	3.07	0
1507.5	3.07	0
1508	3.07	0
1508.5	3.07	0
1509	3.07	0
1509.5	3.07	0
1510	3.07	0
1510.5	3.07	0
1511	3.07	0
1511.5	3.07	0
1512	3.07	0
1512.5	3.07	0
1513	3.07	0
1513.5	3.07	0
1514	3.07	0
1514.5	3.07	0
1515	3.07	0
1515.5	3.07	0
1516	3.07	0
1516.5	3.07	0
1517	3.07	0
1517.5	3.07	0
1518	3.07	0
1518.5	3.07	0
1519	3.07	0
1519.5	3.07	0
1520	3.07	0
1520.5	3.07	0
1521	3.07	0
1521.5	3.07	0
1522	3.07	0
1522.5	3.07	0
1523	3.07	0
1523.5	3.07	0
1524	3.07	0
1524.5	3.07	0
1525	3.07	0
1525.5	3.07	0
1526	3.07	0
1526.5	3.07	0
1527	3.07	0
1527.5	3.07	0
1528	3.07	0
1528.5	3.07	0
1529	3.07	0
1529.5	3.07	0
1530	3.07	0
1530.5	3.07	0
1531	3.07	0
1531.5	3.07	0
1532	3.07	0
1532.5	3.07	0
1533	3.07	0
1533.5	3.07	0
1534	3.07	0
1534.5	3.07	0
1535	3.06	0
1535.5	3.06	0
1536	3.06	0
1536.5	3.06	0
1537	3.06	0
1537.5	3.06	0
1538	3.06	0
1538.5	3.06	0
1539	3.06	0
1539.5	3.06	0
1540	3.06	0
1540.5	3.06	0
1541	3.06	0
1541.5	3.06	0
1542	3.06	0
1542.5	3.06	0
1543	3.06	0
1543.5	3.06	0
1544	3.06	0
1544.5	3.06	0
1545	3.06	0
1545.5	3.06	0
1546	3.06	0
1546.5	3.06	0
1547	3.06	0
1547.5	3.06	0
1548	3.06	0
1548.5	3.06	0
1549	3.06	0
1549.5	3.06	0
1550	3.06	0
1550.5	3.06	0
1551	3.06	0
1551.5	3.06	0
1552	3.06	0
1552.5	3.06	0
1553	3.06	0
1553.5	3.06	0
1554	3.06	0
1554.5	3.06	0
1555	3.06	0
1555.5	3.06	0
1556	3.06	0
1556.5	3.06	0
1557	3.06	0
1557.5	3.06	0
1558	3.06	0
1558.5	3.06	0
1559	3.06	0
1559.5	3.06	0
1560	3.06	0
1560.5	3.06	0
1561	3.06	0
1561.5	3.06	0
1562	3.06	0
1562.5	3.06	0
1563	3.06	0
1563.5	3.06	0
1564	3.06	0
1564.5	3.06	0
1565	3.06	0
1565.5	3.06	0
1566	3.06	0
1566.5	3.06	0
1567	3.06	0
1567.5	3.06	0
1568	3.06	0
1568.5	3.06	0
1569	3.06	0
1569.5	3.06	0
1570	3.06	0
1570.5	3.06	0
1571	3.06	0
1571.5	3.06	0
1572	3.06	0
1572.5	3.05	0
1573	3.05	0
1573.5	3.05	0
1574	3.05	0
1574.5	3.05	0
1575	3.05	0
1575.5	3.05	0
1576	3.05	0
1576.5	3.05	0
1577	3.05	0
1577.5	3.05	0
1578	3.05	0
1578.5	3.05	0
1579	3.05	0
1579.5	3.05	0
1580	3.05	0
1580.5	3.05	0
1581	3.05	0
1581.5	3.05	0
1582	3.05	0
1582.5	3.05	0
1583	3.05	0
1583.5	3.05	0
1584	3.05	0
1584.5	3.05	0
1585	3.05	0
1585.5	3.05	0
1586	3.05	0
1586.5	3.05	0
1587	3.05	0
1587.5	3.05	0
1588	3.05	0
1588.5	3.05	0
1589	3.05	0
1589.5	3.05	0
1590	3.05	0
1590.5	3.05	0
1591	3.05	0
1591.5	3.05	0
1592	3.05	0
1592.5	3.05	0
1593	3.05	0
1593.5	3.05	0
1594	3.05	0
1594.5	3.05	0
1595	3.05	0
1595.5	3.05	0
1596	3.05	0
1596.5	3.05	0
1597	3.05	0
1597.5	3.05	0
1598	3.05	0
1598.5	3.05	0
1599	3.05	0
1599.5	3.05	0
1600	3.05	0
1600.5	3.05	0
1601	3.05	0
1601.5	3.05	0
1602	3.05	0
1602.5	3.05	0
1603	3.05	0
1603.5	3.05	0
1604	3.05	0
1604.5	3.05	0
1605	3.05	0
1605.5	3.05	0
1606	3.05	0
1606.5	3.05	0
1607	3.05	0
1607.5	3.05	0
1608	3.05	0
1608.5	3.05	0
1609	3.05	0
1609.5	3.05	0
1610	3.04	0
1610.5	3.04	0
1611	3.04	0
1611.5	3.04	0
1612	3.04	0
1612.5	3.04	0
1613	3.04	0
1613.5	3.04	0
1614	3.04	0
1614.5	3.04	0
1615	3.04	0
1615.5	3.04	0
1616	3.04	0
1616.5	3.04	0
1617	3.04	0
1617.5	3.04	0
1618	3.04	0
1618.5	3.04	0
1619	3.04	0
1619.5	3.04	0
1620	3.04	0
1620.5	3.04	0
1621	3.04	0
1621.5	3.04	0
1622	3.04	0
1622.5	3.04	0
1623	3.04	0
1623.5	3.04	0
1624	3.04	0
1624.5	3.04	0
1625	3.04	0
1625.5	3.04	0
1626	3.04	0
1626.5	3.04	0
1627	3.04	0
1627.5	3.04	0
1628	3.04	0
1628.5	3.04	0
1629	3.04	0
1629.5	3.04	0
1630	3.04	0
1630.5	3.04	0
1631	3.04	0
1631.5	3.04	0
1632	3.04	0
1632.5	3.04	0
1633	3.04	0
1633.5	3.04	0
1634	3.04	0
1634.5	3.04	0
1635	3.04	0
1635.5	3.04	0
1636	3.04	0
1636.5	3.04	0
1637	3.04	0
1637.5	3.04	0
1638	3.04	0
1638.5	3.04	0
1639	3.04	0
1639.5	3.04	0
1640	3.04	0
1640.5	3.04	0
1641	3.04	0
1641.5	3.04	0
1642	3.04	0
1642.5	3.04	0
1643	3.04	0
1643.5	3.04	0
1644	3.04	0
1644.5	3.04	0
1645	3.04	0
1645.5	3.04	0
1646	3.04	0
1646.5	3.04	0
1647	3.04	0
1647.5	3.04	0
1648	3.03	0
1648.5	3.03	0
1649	3.03	0
1649.5	3.03	0
1650	3.03	0
1650.5	3.03	0
1651	3.03	0
1651.5	3.03	0
1652	3.03	0
1652.5	3.03	0
1653	3.03	0
1653.5	3.03	0
1654	3.03	0
1654.5	3.03	0
1655	3.03	0
1655.5	3.03	0
1656	3.03	0
1656.5	3.03	0
1657	3.03	0
1657.5	3.03	0
1658	3.03	0
1658.5	3.03	0
1659	3.03	0
1659.5	3.03	0
1660	3.03	0
1660.5	3.03	0
1661	3.03	0
1661.5	3.03	0
1662	3.03	0
1662.5	3.03	0
1663	3.03	0
1663.5	3.03	0
1664	3.03	0
1664.5	3.03	0
1665	3.03	0
1665.5	3.03	0
1666	3.03	0
1666.5	3.03	0
1667	3.03	0
1667.5	3.03	0
1668	3.03	0
1668.5	3.03	0
1669	3.03	0
1669.5	3.03	0
1670	3.03	0
1670.5	3.03	0
1671	3.03	0
1671.5	3.03	0
1672	3.03	0
1672.5	3.03	0
1673	3.03	0
1673.5	3.03	0
1674	3.03	0
1674.5	3.03	0
1675	3.03	0
1675.5	3.03	0
1676	3.03	0
1676.5	3.03	0
1677	3.03	0
1677.5	3.03	0
1678	3.03	0
1678.5	3.03	0
1679	3.03	0
1679.5	3.03	0
1680	3.03	0
1680.5	3.03	0
1681	3.03	0
1681.5	3.03	0
1682	3.03	0
1682.5	3.03	0
1683	3.03	0
1683.5	3.03	0
1684	3.03	0
1684.5	3.03	0
1685	3.03	0
1685.5	3.02	0
1686	3.02	0
1686.5	3.02	0
1687	3.02	0
1687.5	3.02	0
1688	3.02	0
1688.5	3.02	0
1689	3.02	0
1689.5	3.02	0
1690	3.02	0
1690.5	3.02	0
1691	3.02	0
1691.5	3.02	0
1692	3.02	0
1692.5	3.02	0
1693	3.02	0
1693.5	3.02	0
1694	3.02	0
1694.5	3.02	0
1695	3.02	0
1695.5	3.02	0
1696	3.02	0
1696.5	3.02	0
1697	3.02	0
1697.5	3.02	0
1698	3.02	0
1698.5	3.02	0
1699	3.02	0
1699.5	3.02	0
1700	3.02	0
1700.5	3.02	0
1701	3.02	0
1701.5	3.02	0
1702	3.02	0
1702.5	3.02	0
1703	3.02	0
1703.5	3.02	0
1704	3.02	0
1704.5	3.02	0
1705	3.02	0
1705.5	3.02	0
1706	3.02	0
1706.5	3.02	0
1707	3.02	0
1707.5	3.02	0
1708	3.02	0
1708.5	3.02	0
1709	3.02	0
1709.5	3.02	0
1710	3.02	0
1710.5	3.02	0
1711	3.02	0
1711.5	3.02	0
1712	3.02	0
1712.5	3.02	0
1713	3.02	0
1713.5	3.02	0
1714	3.02	0
1714.5	3.02	0
1715	3.02	0
1715.5	3.02	0
1716	3.02	0
1716.5	3.02	0
1717	3.02	0
1717.5	3.02	0
1718	3.02	0
1718.5	3.02	0
1719	3.02	0
1719.5	3.02	0
1720	3.02	0
1720.5	3.02	0
1721	3.02	0
1721.5	3.02	0
1722	3.02	0
1722.5	3.02	0
1723	3.01	0
1723.5	3.01	0
1724	3.01	0
1724.5	3.01	0
1725	3.01	0
1725.5	3.01	0
1726	3.01	0
1726.5	3.01	0
1727	3.01	0
1727.5	3.01	0
1728	3.01	0
1728.5	3.01	0
1729	3.01	0
1729.5	3.01	0
1730	3.01	0
1730.5	3.01	0
1731	3.01	0
1731.5	3.01	0
1732	3.01	0
1732.5	3.01	0
1733	3.01	0
1733.5	3.01	0
1734	3.01	0
1734.5	3.01	0
1735	3.01	0
1735.5	3.01	0
1736	3.01	0
1736.5	3.01	0
1737	3.01	0
1737.5	3.01	0
1738	3.01	0
1738.5	3.01	0
1739	3.01	0
1739.5	3.01	0
1740	3.01	0
1740.5	3.01	0
1741	3.01	0
1741.5	3.01	0
1742	3.01	0
1742.5	3.01	0
1743	3.01	0
1743.5	3.01	0
1744	3.01	0
1744.5	3.01	0
1745	3.01	0
1745.5	3.01	0
1746	3.01	0
1746.5	3.01	0
1747	3.01	0
1747.5	3.01	0
1748	3.01	0
1748.5	3.01	0
1749	3.01	0
1749.5	3.01	0
1750	3.01	0
1750.5	3.01	0
1751	3.01	0
1751.5	3.01	0
1752	3.01	0
1752.5	3.01	0
1753	3.01	0
1753.5	3.01	0
1754	3.01	0
1754.5	3.01	0
1755	3.01	0
1755.5	3.01	0
1756	3.01	0
1756.5	3.01	0
1757	3.01	0
1757.5	3.01	0
1758	3.01	0
1758.5	3.01	0
1759	3.01	0
1759.5	3.01	0
1760	3.01	0
1760.5	3	0
1761	3	0
1761.5	3	0
1762	3	0
1762.5	3	0
1763	3	0
1763.5	3	0
1764	3	0
1764.5	3	0
1765	3	0
1765.5	3	0
1766	3	0
1766.5	3	0
1767	3	0
1767.5	3	0
1768	3	0
1768.5	3	0
1769	3	0
1769.5	3	0
1770	3	0
1770.5	3	0
1771	3	0
1771.5	3	0
1772	3	0
1772.5	3	0
1773	3	0
1773.5	3	0
1774	3	0
1774.5	3	0
1775	3	0
1775.5	3	0
1776	3	0
1776.5	3	0
1777	3	0
1777.5	3	0
1778	3	0
1778.5	3	0
1779	3	0
1779.5	3	0
1780	3	0
1780.5	3	0
1781	3	0
1781.5	3	0
1782	3	0
1782.5	3	0
1783	3	0
1783.5	3	0
1784	3	0
1784.5	3	0
1785	3	0
1785.5	3	0
1786	3	0
1786.5	3	0
1787	3	0
1787.5	3	0
1788	3	0
1788.5	3	0
1789	3	0
1789.5	3	0
1790	3	0
1790.5	3	0
1791	3	0
1791.5	3	0
1792	3	0
1792.5	3	0
1793	3	0
1793.5	3	0
1794	3	0
1794.5	3	0
1795	3	0
1795.5	3	0
1796	3	0
1796.5	3	0
1797	3	0
1797.5	3	0
1798	3	0
1798.5	2.99	0
1799	2.99	0
1799.5	2.99	0
1800	2.99	0
1800.5	2.99	0
1801	2.99	0
1801.5	2.99	0
1802	2.99	0
1802.5	2.99	0
1803	2.99	0
1803.5	2.99	0
1804	2.99	0
1804.5	2.99	0
1805	2.99	0
1805.5	2.99	0
1806	2.99	0
1806.5	2.99	0
1807	2.99	0
1807.5	2.99	0
1808	2.99	0
1808.5	2.99	0
1809	2.99	0
1809.5	2.99	0
1810	2.99	0
1810.5	2.99	0
1811	2.99	0
1811.5	2.99	0
1812	2.99	0
1812.5	2.99	0
1813	2.99	0
1813.5	2.99	0
1814	2.99	0
1814.5	2.99	0
1815	2.99	0
1815.5	2.99	0
1816	2.99	0
1816.5	2.99	0
1817	2.99	0
1817.5	2.99	0
1818	2.99	0
1818.5	2.99	0
1819	2.99	0
1819.5	2.99	0
1820	2.99	0
1820.5	2.99	0
1821	2.99	0
1821.5	2.99	0
1822	2.99	0
1822.5	2.99	0
1823	2.99	0
1823.5	2.99	0
1824	2.99	0
1824.5	2.99	0
1825	2.99	0
1825.5	2.99	0
1826	2.99	0
1826.5	2.99	0
1827	2.99	0
1827.5	2.99	0
1828	2.99	0
1828.5	2.99	0
1829	2.99	0
1829.5	2.99	0
1830	2.99	0
1830.5	2.99	0
1831	2.99	0
1831.5	2.99	0
1832	2.99	0
1832.5	2.99	0
1833	2.99	0
1833.5	2.99	0
1834	2.99	0
1834.5	2.99	0
1835	2.99	0
1835.5	2.99	0
1836	2.98	0
1836.5	2.98	0
1837	2.98	0
1837.5	2.98	0
1838	2.98	0
1838.5	2.98	0
1839	2.98	0
1839.5	2.98	0
1840	2.98	0
1840.5	2.98	0
1841	2.98	0
1841.5	2.98	0
1842	2.98	0
1842.5	2.98	0
1843	2.98	0
1843.5	2.98	0
1844	2.98	0
1844.5	2.98	0
1845	2.98	0
1845.5	2.98	0
1846	2.98	0
1846.5	2.98	0
1847	2.98	0
1847.5	2.98	0
1848	2.98	0
1848.5	2.98	0
1849	2.98	0
1849.5	2.98	0
1850	2.98	0
1850.5	2.98	0
1851	2.98	0
1851.5	2.98	0
1852	2.98	0
1852.5	2.98	0
1853	2.98	0
1853.5	2.98	0
1854	2.98	0
1854.5	2.98	0
1855	2.98	0
1855.5	2.98	0
1856	2.98	0
1856.5	2.98	0
1857	2.98	0
1857.5	2.98	0
1858	2.98	0
1858.5	2.98	0
1859	2.98	0
1859.5	2.98	0
1860	2.98	0
1860.5	2.98	0
1861	2.98	0
1861.5	2.98	0
1862	2.98	0
1862.5	2.98	0
1863	2.98	0
1863.5	2.98	0
1864	2.98	0
1864.5	2.98	0
1865	2.98	0
1865.5	2.98	0
1866	2.98	0
1866.5	2.98	0
1867	2.98	0
1867.5	2.98	0
1868	2.98	0
1868.5	2.98	0
1869	2.98	0
1869.5	2.98	0
1870	2.98	0
1870.5	2.98	0
1871	2.98	0
1871.5	2.98	0
1872	2.98	0
1872.5	2.98	0
1873	2.98	0
1873.5	2.97	0
1874	2.97	0
1874.5	2.97	0
1875	2.97	0
1875.5	2.97	0
1876	2.97	0
1876.5	2.97	0
1877	2.97	0
1877.5	2.97	0
1878	2.97	0
1878.5	2.97	0
1879	2.97	0
1879.5	2.97	0
1880	2.97	0
1880.5	2.97	0
1881	2.97	0
1881.5	2.97	0
1882	2.97	0
1882.5	2.97	0
1883	2.97	0
1883.5	2.97	0
1884	2.97	0
1884.5	2.97	0
1885	2.97	0
1885.5	2.97	0
1886	2.97	0
1886.5	2.97	0
1887	2.97	0
1887.5	2.97	0
1888	2.97	0
1888.5	2.97	0
1889	2.97	0
1889.5	2.97	0
1890	2.97	0
1890.5	2.97	0
1891	2.97	0
1891.5	2.97	0
1892	2.97	0
1892.5	2.97	0
1893	2.97	0
1893.5	2.97	0
1894	2.97	0
1894.5	2.97	0
1895	2.97	0
1895.5	2.97	0
1896	2.97	0
1896.5	2.97	0
1897	2.97	0
1897.5	2.97	0
1898	2.97	0
1898.5	2.97	0
1899	2.97	0
1899.5	2.97	0
1900	2.97	0
1900.5	2.97	0
1901	2.97	0
1901.5	2.97	0
1902	2.97	0
1902.5	2.97	0
1903	2.97	0
1903.5	2.97	0
1904	2.97	0
1904.5	2.97	0
1905	2.97	0
1905.5	2.97	0
1906	2.97	0
1906.5	2.97	0
1907	2.97	0
1907.5	2.97	0
1908	2.97	0
1908.5	2.97	0
1909	2.97	0
1909.5	2.97	0
1910	2.97	0
1910.5	2.97	0
1911	2.97	0
1911.5	2.96	0
1912	2.96	0
1912.5	2.96	0
1913	2.96	0
1913.5	2.96	0
1914	2.96	0
1914.5	2.96	0
1915	2.96	0
1915.5	2.96	0
1916	2.96	0
1916.5	2.96	0
1917	2.96	0
1917.5	2.96	0
1918	2.96	0
1918.5	2.96	0
1919	2.96	0
1919.5	2.96	0
1920	2.96	0
1920.5	2.96	0
1921	2.96	0
1921.5	2.96	0
1922	2.96	0
1922.5	2.96	0
1923	2.96	0
1923.5	2.96	0
1924	2.96	0
1924.5	2.96	0
1925	2.96	0
1925.5	2.96	0
1926	2.96	0
1926.5	2.96	0
1927	2.96	0
1927.5	2.96	0
1928	2.96	0
1928.5	2.96	0
1929	2.96	0
1929.5	2.96	0
1930	2.96	0
1930.5	2.96	0
1931	2.96	0
1931.5	2.96	0
1932	2.96	0
1932.5	2.96	0
1933	2.96	0
1933.5	2.96	0
1934	2.96	0
1934.5	2.96	0
1935	2.96	0
1935.5	2.96	0
1936	2.96	0
1936.5	2.96	0
1937	2.96	0
1937.5	2.96	0
1938	2.96	0
1938.5	2.96	0
1939	2.96	0
1939.5	2.96	0
1940	2.96	0
1940.5	2.96	0
1941	2.96	0
1941.5	2.96	0
1942	2.96	0
1942.5	2.96	0
1943	2.96	0
1943.5	2.96	0
1944	2.96	0
1944.5	2.96	0
1945	2.96	0
1945.5	2.96	0
1946	2.96	0
1946.5	2.96	0
1947	2.96	0
1947.5	2.96	0
1948	2.96	0
1948.5	2.96	0
1949	2.95	0
1949.5	2.95	0
1950	2.95	0
1950.5	2.95	0
1951	2.95	0
1951.5	2.95	0
1952	2.95	0
1952.5	2.95	0
1953	2.95	0
1953.5	2.95	0
1954	2.95	0
1954.5	2.95	0
1955	2.95	0
1955.5	2.95	0
1956	2.95	0
1956.5	2.95	0
1957	2.95	0
1957.5	2.95	0
1958	2.95	0
1958.5	2.95	0
1959	2.95	0
1959.5	2.95	0
1960	2.95	0
1960.5	2.95	0
1961	2.95	0
1961.5	2.95	0
1962	2.95	0
1962.5	2.95	0
1963	2.95	0
1963.5	2.95	0
1964	2.95	0
1964.5	2.95	0
1965	2.95	0
1965.5	2.95	0
1966	2.95	0
1966.5	2.95	0
1967	2.95	0
1967.5	2.95	0
1968	2.95	0
1968.5	2.95	0
1969	2.95	0
1969.5	2.95	0
1970	2.95	0
1970.5	2.95	0
1971	2.95	0
1971.5	2.95	0
1972	2.95	0
1972.5	2.95	0
1973	2.95	0
1973.5	2.95	0
1974	2.95	0
1974.5	2.95	0
1975	2.95	0
1975.5	2.95	0
1976	2.95	0
1976.5	2.95	0
1977	2.95	0
1977.5	2.95	0
1978	2.95	0
1978.5	2.95	0
1979	2.95	0
1979.5	2.95	0
1980	2.95	0
1980.5	2.95	0
1981	2.95	0
1981.5	2.95	0
1982	2.95	0
1982.5	2.95	0
1983	2.95	0
1983.5	2.95	0
1984	2.95	0
1984.5	2.95	0
1985	2.95	0
1985.5	2.95	0
1986	2.95	0
1986.5	2.94	0
1987	2.94	0
1987.5	2.94	0
1988	2.94	0
1988.5	2.94	0
1989	2.94	0
1989.5	2.94	0
1990	2.94	0
1990.5	2.94	0
1991	2.94	0
1991.5	2.94	0
1992	2.94	0
1992.5	2.94	0
1993	2.94	0
1993.5	2.94	0
1994	2.94	0
1994.5	2.94	0
1995	2.94	0
1995.5	2.94	0
1996	2.94	0
1996.5	2.94	0
1997	2.94	0
1997.5	2.94	0
1998	2.94	0
1998.5	2.94	0
1999	2.94	0
1999.5	2.94	0
2000	2.94	0

