280	1.39635	0
280.5	1.39626	0
281	1.39618	0
281.5	1.39609	0
282	1.396	0
282.5	1.39592	0
283	1.39583	0
283.5	1.39574	0
284	1.39566	0
284.5	1.39557	0
285	1.39548	0
285.5	1.3954	0
286	1.39531	0
286.5	1.39523	0
287	1.39514	0
287.5	1.39505	0
288	1.39497	0
288.5	1.39488	0
289	1.39479	0
289.5	1.39471	0
290	1.39462	0
290.5	1.39454	0
291	1.39447	0
291.5	1.39439	0
292	1.39431	0
292.5	1.39424	0
293	1.39416	0
293.5	1.39408	0
294	1.394	0
294.5	1.39393	0
295	1.39385	0
295.5	1.39377	0
296	1.3937	0
296.5	1.39362	0
297	1.39354	0
297.5	1.39347	0
298	1.39339	0
298.5	1.39331	0
299	1.39323	0
299.5	1.39316	0
300	1.39308	0
300.5	1.39301	0
301	1.39294	0
301.5	1.39287	0
302	1.3928	0
302.5	1.39274	0
303	1.39267	0
303.5	1.3926	0
304	1.39253	0
304.5	1.39246	0
305	1.39239	0
305.5	1.39232	0
306	1.39225	0
306.5	1.39218	0
307	1.39211	0
307.5	1.39205	0
308	1.39198	0
308.5	1.39191	0
309	1.39184	0
309.5	1.39177	0
310	1.3917	0
310.5	1.39164	0
311	1.39158	0
311.5	1.39152	0
312	1.39146	0
312.5	1.3914	0
313	1.39134	0
313.5	1.39128	0
314	1.39122	0
314.5	1.39116	0
315	1.3911	0
315.5	1.39103	0
316	1.39097	0
316.5	1.39091	0
317	1.39085	0
317.5	1.39079	0
318	1.39073	0
318.5	1.39067	0
319	1.39061	0
319.5	1.39055	0
320	1.39049	0
320.5	1.39043	0
321	1.39038	0
321.5	1.39032	0
322	1.39027	0
322.5	1.39021	0
323	1.39016	0
323.5	1.3901	0
324	1.39005	0
324.5	1.38999	0
325	1.38993	0
325.5	1.38988	0
326	1.38982	0
326.5	1.38977	0
327	1.38971	0
327.5	1.38966	0
328	1.3896	0
328.5	1.38955	0
329	1.38949	0
329.5	1.38944	0
330	1.38938	0
330.5	1.38933	0
331	1.38928	0
331.5	1.38923	0
332	1.38918	0
332.5	1.38913	0
333	1.38908	0
333.5	1.38903	0
334	1.38898	0
334.5	1.38893	0
335	1.38888	0
335.5	1.38882	0
336	1.38877	0
336.5	1.38872	0
337	1.38867	0
337.5	1.38862	0
338	1.38857	0
338.5	1.38852	0
339	1.38847	0
339.5	1.38842	0
340	1.38837	0
340.5	1.38832	0
341	1.38828	0
341.5	1.38823	0
342	1.38818	0
342.5	1.38814	0
343	1.38809	0
343.5	1.38804	0
344	1.38799	0
344.5	1.38795	0
345	1.3879	0
345.5	1.38785	0
346	1.38781	0
346.5	1.38776	0
347	1.38771	0
347.5	1.38766	0
348	1.38762	0
348.5	1.38757	0
349	1.38752	0
349.5	1.38748	0
350	1.38743	0
350.5	1.38739	0
351	1.38735	0
351.5	1.38731	0
352	1.38727	0
352.5	1.38722	0
353	1.38718	0
353.5	1.38714	0
354	1.3871	0
354.5	1.38706	0
355	1.38702	0
355.5	1.38698	0
356	1.38694	0
356.5	1.3869	0
357	1.38686	0
357.5	1.38681	0
358	1.38677	0
358.5	1.38673	0
359	1.38669	0
359.5	1.38665	0
360	1.38661	0
360.5	1.38657	0
361	1.38653	0
361.5	1.3865	0
362	1.38646	0
362.5	1.38642	0
363	1.38638	0
363.5	1.38634	0
364	1.38631	0
364.5	1.38627	0
365	1.38623	0
365.5	1.38619	0
366	1.38615	0
366.5	1.38612	0
367	1.38608	0
367.5	1.38604	0
368	1.386	0
368.5	1.38596	0
369	1.38593	0
369.5	1.38589	0
370	1.38585	0
370.5	1.38581	0
371	1.38578	0
371.5	1.38574	0
372	1.38571	0
372.5	1.38567	0
373	1.38563	0
373.5	1.3856	0
374	1.38556	0
374.5	1.38553	0
375	1.38549	0
375.5	1.38545	0
376	1.38542	0
376.5	1.38538	0
377	1.38535	0
377.5	1.38531	0
378	1.38527	0
378.5	1.38524	0
379	1.3852	0
379.5	1.38517	0
380	1.38513	0
380.5	1.3851	0
381	1.38507	0
381.5	1.38503	0
382	1.385	0
382.5	1.38497	0
383	1.38494	0
383.5	1.38491	0
384	1.38487	0
384.5	1.38484	0
385	1.38481	0
385.5	1.38478	0
386	1.38475	0
386.5	1.38471	0
387	1.38468	0
387.5	1.38465	0
388	1.38462	0
388.5	1.38459	0
389	1.38455	0
389.5	1.38452	0
390	1.38449	0
390.5	1.38446	0
391	1.38443	0
391.5	1.3844	0
392	1.38437	0
392.5	1.38434	0
393	1.38431	0
393.5	1.38428	0
394	1.38425	0
394.5	1.38422	0
395	1.38419	0
395.5	1.38416	0
396	1.38413	0
396.5	1.3841	0
397	1.38407	0
397.5	1.38404	0
398	1.38401	0
398.5	1.38398	0
399	1.38395	0
399.5	1.38392	0
400	1.38389	0
400.5	1.38386	0
401	1.38383	0
401.5	1.38381	0
402	1.38378	0
402.5	1.38375	0
403	1.38372	0
403.5	1.38369	0
404	1.38367	0
404.5	1.38364	0
405	1.38361	0
405.5	1.38358	0
406	1.38355	0
406.5	1.38353	0
407	1.3835	0
407.5	1.38347	0
408	1.38344	0
408.5	1.38341	0
409	1.38339	0
409.5	1.38336	0
410	1.38333	0
410.5	1.38331	0
411	1.38328	0
411.5	1.38326	0
412	1.38323	0
412.5	1.3832	0
413	1.38318	0
413.5	1.38315	0
414	1.38313	0
414.5	1.38311	0
415	1.38308	0
415.5	1.38306	0
416	1.38303	0
416.5	1.383	0
417	1.38298	0
417.5	1.38295	0
418	1.38293	0
418.5	1.38291	0
419	1.38288	0
419.5	1.38286	0
420	1.38283	0
420.5	1.38281	0
421	1.38278	0
421.5	1.38276	0
422	1.38273	0
422.5	1.38271	0
423	1.38268	0
423.5	1.38266	0
424	1.38263	0
424.5	1.38261	0
425	1.38259	0
425.5	1.38256	0
426	1.38254	0
426.5	1.38251	0
427	1.38249	0
427.5	1.38246	0
428	1.38244	0
428.5	1.38241	0
429	1.38239	0
429.5	1.38236	0
430	1.38234	0
430.5	1.38232	0
431	1.3823	0
431.5	1.38227	0
432	1.38225	0
432.5	1.38223	0
433	1.38221	0
433.5	1.38219	0
434	1.38216	0
434.5	1.38214	0
435	1.38212	0
435.5	1.3821	0
436	1.38208	0
436.5	1.38205	0
437	1.38203	0
437.5	1.38201	0
438	1.38199	0
438.5	1.38197	0
439	1.38194	0
439.5	1.38192	0
440	1.3819	0
440.5	1.38188	0
441	1.38186	0
441.5	1.38184	0
442	1.38182	0
442.5	1.3818	0
443	1.38178	0
443.5	1.38176	0
444	1.38174	0
444.5	1.38172	0
445	1.3817	0
445.5	1.38167	0
446	1.38165	0
446.5	1.38163	0
447	1.38161	0
447.5	1.38159	0
448	1.38157	0
448.5	1.38155	0
449	1.38153	0
449.5	1.38151	0
450	1.38149	0
450.5	1.38147	0
451	1.38145	0
451.5	1.38143	0
452	1.38141	0
452.5	1.38139	0
453	1.38137	0
453.5	1.38135	0
454	1.38133	0
454.5	1.38131	0
455	1.38129	0
455.5	1.38127	0
456	1.38125	0
456.5	1.38123	0
457	1.38121	0
457.5	1.38119	0
458	1.38117	0
458.5	1.38115	0
459	1.38113	0
459.5	1.38111	0
460	1.38109	0
460.5	1.38107	0
461	1.38105	0
461.5	1.38104	0
462	1.38102	0
462.5	1.381	0
463	1.38098	0
463.5	1.38097	0
464	1.38095	0
464.5	1.38093	0
465	1.38091	0
465.5	1.3809	0
466	1.38088	0
466.5	1.38086	0
467	1.38085	0
467.5	1.38083	0
468	1.38081	0
468.5	1.38079	0
469	1.38078	0
469.5	1.38076	0
470	1.38074	0
470.5	1.38072	0
471	1.38071	0
471.5	1.38069	0
472	1.38067	0
472.5	1.38065	0
473	1.38064	0
473.5	1.38062	0
474	1.3806	0
474.5	1.38058	0
475	1.38057	0
475.5	1.38055	0
476	1.38053	0
476.5	1.38051	0
477	1.3805	0
477.5	1.38048	0
478	1.38046	0
478.5	1.38044	0
479	1.38043	0
479.5	1.38041	0
480	1.38039	0
480.5	1.38037	0
481	1.38036	0
481.5	1.38034	0
482	1.38033	0
482.5	1.38031	0
483	1.3803	0
483.5	1.38028	0
484	1.38027	0
484.5	1.38025	0
485	1.38023	0
485.5	1.38022	0
486	1.3802	0
486.5	1.38019	0
487	1.38017	0
487.5	1.38016	0
488	1.38014	0
488.5	1.38013	0
489	1.38011	0
489.5	1.3801	0
490	1.38008	0
490.5	1.38006	0
491	1.38005	0
491.5	1.38003	0
492	1.38002	0
492.5	1.38	0
493	1.37999	0
493.5	1.37997	0
494	1.37996	0
494.5	1.37994	0
495	1.37993	0
495.5	1.37991	0
496	1.37989	0
496.5	1.37988	0
497	1.37986	0
497.5	1.37985	0
498	1.37983	0
498.5	1.37982	0
499	1.3798	0
499.5	1.37979	0
500	1.37977	0
500.5	1.37976	0
501	1.37974	0
501.5	1.37973	0
502	1.37971	0
502.5	1.3797	0
503	1.37969	0
503.5	1.37967	0
504	1.37966	0
504.5	1.37964	0
505	1.37963	0
505.5	1.37962	0
506	1.3796	0
506.5	1.37959	0
507	1.37957	0
507.5	1.37956	0
508	1.37955	0
508.5	1.37953	0
509	1.37952	0
509.5	1.3795	0
510	1.37949	0
510.5	1.37948	0
511	1.37946	0
511.5	1.37945	0
512	1.37943	0
512.5	1.37942	0
513	1.37941	0
513.5	1.37939	0
514	1.37938	0
514.5	1.37936	0
515	1.37935	0
515.5	1.37934	0
516	1.37932	0
516.5	1.37931	0
517	1.37929	0
517.5	1.37928	0
518	1.37927	0
518.5	1.37925	0
519	1.37924	0
519.5	1.37922	0
520	1.37921	0
520.5	1.3792	0
521	1.37919	0
521.5	1.37917	0
522	1.37916	0
522.5	1.37915	0
523	1.37914	0
523.5	1.37913	0
524	1.37911	0
524.5	1.3791	0
525	1.37909	0
525.5	1.37908	0
526	1.37907	0
526.5	1.37905	0
527	1.37904	0
527.5	1.37903	0
528	1.37902	0
528.5	1.37901	0
529	1.37899	0
529.5	1.37898	0
530	1.37897	0
530.5	1.37896	0
531	1.37895	0
531.5	1.37893	0
532	1.37892	0
532.5	1.37891	0
533	1.3789	0
533.5	1.37888	0
534	1.37887	0
534.5	1.37886	0
535	1.37885	0
535.5	1.37883	0
536	1.37882	0
536.5	1.37881	0
537	1.3788	0
537.5	1.37878	0
538	1.37877	0
538.5	1.37876	0
539	1.37874	0
539.5	1.37873	0
540	1.37872	0
540.5	1.37871	0
541	1.3787	0
541.5	1.37869	0
542	1.37868	0
542.5	1.37867	0
543	1.37865	0
543.5	1.37864	0
544	1.37863	0
544.5	1.37862	0
545	1.37861	0
545.5	1.3786	0
546	1.37859	0
546.5	1.37858	0
547	1.37857	0
547.5	1.37856	0
548	1.37854	0
548.5	1.37853	0
549	1.37852	0
549.5	1.37851	0
550	1.3785	0
550.5	1.37849	0
551	1.37848	0
551.5	1.37847	0
552	1.37846	0
552.5	1.37845	0
553	1.37843	0
553.5	1.37842	0
554	1.37841	0
554.5	1.3784	0
555	1.37839	0
555.5	1.37838	0
556	1.37837	0
556.5	1.37836	0
557	1.37835	0
557.5	1.37833	0
558	1.37832	0
558.5	1.37831	0
559	1.3783	0
559.5	1.37829	0
560	1.37828	0
560.5	1.37827	0
561	1.37826	0
561.5	1.37825	0
562	1.37824	0
562.5	1.37823	0
563	1.37822	0
563.5	1.37821	0
564	1.3782	0
564.5	1.37819	0
565	1.37817	0
565.5	1.37816	0
566	1.37815	0
566.5	1.37814	0
567	1.37813	0
567.5	1.37812	0
568	1.37811	0
568.5	1.3781	0
569	1.37809	0
569.5	1.37808	0
570	1.37807	0
570.5	1.37806	0
571	1.37805	0
571.5	1.37804	0
572	1.37803	0
572.5	1.37802	0
573	1.37801	0
573.5	1.378	0
574	1.37799	0
574.5	1.37798	0
575	1.37797	0
575.5	1.37797	0
576	1.37796	0
576.5	1.37795	0
577	1.37794	0
577.5	1.37793	0
578	1.37792	0
578.5	1.37791	0
579	1.3779	0
579.5	1.37789	0
580	1.37788	0
580.5	1.37787	0
581	1.37786	0
581.5	1.37785	0
582	1.37784	0
582.5	1.37783	0
583	1.37782	0
583.5	1.37781	0
584	1.3778	0
584.5	1.37779	0
585	1.37779	0
585.5	1.37778	0
586	1.37777	0
586.5	1.37776	0
587	1.37775	0
587.5	1.37774	0
588	1.37773	0
588.5	1.37772	0
589	1.37771	0
589.5	1.3777	0
590	1.37769	0
590.5	1.37768	0
591	1.37767	0
591.5	1.37766	0
592	1.37765	0
592.5	1.37765	0
593	1.37764	0
593.5	1.37763	0
594	1.37762	0
594.5	1.37761	0
595	1.3776	0
595.5	1.37759	0
596	1.37758	0
596.5	1.37757	0
597	1.37756	0
597.5	1.37756	0
598	1.37755	0
598.5	1.37754	0
599	1.37753	0
599.5	1.37752	0
600	1.37751	0
600.5	1.3775	0
601	1.37749	0
601.5	1.37748	0
602	1.37747	0
602.5	1.37746	0
603	1.37746	0
603.5	1.37745	0
604	1.37744	0
604.5	1.37743	0
605	1.37742	0
605.5	1.37741	0
606	1.3774	0
606.5	1.37739	0
607	1.37738	0
607.5	1.37737	0
608	1.37737	0
608.5	1.37736	0
609	1.37735	0
609.5	1.37734	0
610	1.37733	0
610.5	1.37732	0
611	1.37731	0
611.5	1.37731	0
612	1.3773	0
612.5	1.37729	0
613	1.37729	0
613.5	1.37728	0
614	1.37727	0
614.5	1.37726	0
615	1.37725	0
615.5	1.37725	0
616	1.37724	0
616.5	1.37723	0
617	1.37723	0
617.5	1.37722	0
618	1.37721	0
618.5	1.3772	0
619	1.37719	0
619.5	1.37719	0
620	1.37718	0
620.5	1.37717	0
621	1.37716	0
621.5	1.37716	0
622	1.37715	0
622.5	1.37714	0
623	1.37713	0
623.5	1.37712	0
624	1.37712	0
624.5	1.37711	0
625	1.3771	0
625.5	1.37709	0
626	1.37708	0
626.5	1.37708	0
627	1.37707	0
627.5	1.37706	0
628	1.37705	0
628.5	1.37704	0
629	1.37704	0
629.5	1.37703	0
630	1.37702	0
630.5	1.37701	0
631	1.37701	0
631.5	1.377	0
632	1.37699	0
632.5	1.37698	0
633	1.37697	0
633.5	1.37697	0
634	1.37696	0
634.5	1.37695	0
635	1.37695	0
635.5	1.37694	0
636	1.37693	0
636.5	1.37692	0
637	1.37691	0
637.5	1.37691	0
638	1.3769	0
638.5	1.37689	0
639	1.37689	0
639.5	1.37688	0
640	1.37687	0
640.5	1.37686	0
641	1.37686	0
641.5	1.37685	0
642	1.37684	0
642.5	1.37684	0
643	1.37683	0
643.5	1.37682	0
644	1.37681	0
644.5	1.37681	0
645	1.3768	0
645.5	1.37679	0
646	1.37679	0
646.5	1.37678	0
647	1.37677	0
647.5	1.37677	0
648	1.37676	0
648.5	1.37675	0
649	1.37674	0
649.5	1.37674	0
650	1.37673	0
650.5	1.37672	0
651	1.37671	0
651.5	1.37671	0
652	1.3767	0
652.5	1.37669	0
653	1.37668	0
653.5	1.37668	0
654	1.37667	0
654.5	1.37666	0
655	1.37666	0
655.5	1.37665	0
656	1.37664	0
656.5	1.37663	0
657	1.37663	0
657.5	1.37662	0
658	1.37661	0
658.5	1.3766	0
659	1.3766	0
659.5	1.37659	0
660	1.37658	0
660.5	1.37657	0
661	1.37657	0
661.5	1.37656	0
662	1.37655	0
662.5	1.37655	0
663	1.37654	0
663.5	1.37653	0
664	1.37653	0
664.5	1.37652	0
665	1.37651	0
665.5	1.37651	0
666	1.3765	0
666.5	1.3765	0
667	1.37649	0
667.5	1.37648	0
668	1.37648	0
668.5	1.37647	0
669	1.37646	0
669.5	1.37646	0
670	1.37645	0
670.5	1.37644	0
671	1.37644	0
671.5	1.37643	0
672	1.37643	0
672.5	1.37642	0
673	1.37641	0
673.5	1.37641	0
674	1.3764	0
674.5	1.3764	0
675	1.37639	0
675.5	1.37638	0
676	1.37638	0
676.5	1.37637	0
677	1.37637	0
677.5	1.37636	0
678	1.37635	0
678.5	1.37635	0
679	1.37634	0
679.5	1.37634	0
680	1.37633	0
680.5	1.37632	0
681	1.37632	0
681.5	1.37631	0
682	1.3763	0
682.5	1.3763	0
683	1.37629	0
683.5	1.37628	0
684	1.37628	0
684.5	1.37627	0
685	1.37627	0
685.5	1.37626	0
686	1.37625	0
686.5	1.37625	0
687	1.37624	0
687.5	1.37623	0
688	1.37623	0
688.5	1.37622	0
689	1.37621	0
689.5	1.37621	0
690	1.3762	0
690.5	1.37619	0
691	1.37619	0
691.5	1.37618	0
692	1.37618	0
692.5	1.37617	0
693	1.37616	0
693.5	1.37616	0
694	1.37615	0
694.5	1.37615	0
695	1.37614	0
695.5	1.37613	0
696	1.37613	0
696.5	1.37612	0
697	1.37612	0
697.5	1.37611	0
698	1.3761	0
698.5	1.3761	0
699	1.37609	0
699.5	1.37609	0
700	1.37608	0
700.5	1.37607	0
701	1.37607	0
701.5	1.37606	0
702	1.37606	0
702.5	1.37605	0
703	1.37605	0
703.5	1.37604	0
704	1.37604	0
704.5	1.37603	0
705	1.37602	0
705.5	1.37602	0
706	1.37601	0
706.5	1.37601	0
707	1.376	0
707.5	1.376	0
708	1.37599	0
708.5	1.37599	0
709	1.37598	0
709.5	1.37598	0
710	1.37597	0
710.5	1.37596	0
711	1.37596	0
711.5	1.37595	0
712	1.37595	0
712.5	1.37594	0
713	1.37593	0
713.5	1.37593	0
714	1.37592	0
714.5	1.37592	0
715	1.37591	0
715.5	1.3759	0
716	1.3759	0
716.5	1.37589	0
717	1.37589	0
717.5	1.37588	0
718	1.37587	0
718.5	1.37587	0
719	1.37586	0
719.5	1.37586	0
720	1.37585	0
720.5	1.37585	0
721	1.37584	0
721.5	1.37583	0
722	1.37583	0
722.5	1.37583	0
723	1.37582	0
723.5	1.37582	0
724	1.37581	0
724.5	1.3758	0
725	1.3758	0
725.5	1.3758	0
726	1.37579	0
726.5	1.37579	0
727	1.37578	0
727.5	1.37578	0
728	1.37577	0
728.5	1.37576	0
729	1.37576	0
729.5	1.37576	0
730	1.37575	0
730.5	1.37574	0
731	1.37574	0
731.5	1.37573	0
732	1.37573	0
732.5	1.37572	0
733	1.37572	0
733.5	1.37571	0
734	1.37571	0
734.5	1.3757	0
735	1.37569	0
735.5	1.37569	0
736	1.37568	0
736.5	1.37568	0
737	1.37567	0
737.5	1.37567	0
738	1.37566	0
738.5	1.37566	0
739	1.37565	0
739.5	1.37565	0
740	1.37564	0
740.5	1.37563	0
741	1.37563	0
741.5	1.37562	0
742	1.37562	0
742.5	1.37562	0
743	1.37561	0
743.5	1.37561	0
744	1.3756	0
744.5	1.37559	0
745	1.37559	0
745.5	1.37559	0
746	1.37558	0
746.5	1.37558	0
747	1.37557	0
747.5	1.37556	0
748	1.37556	0
748.5	1.37555	0
749	1.37555	0
749.5	1.37555	0
750	1.37554	0
750.5	1.37554	0
751	1.37553	0
751.5	1.37553	0
752	1.37552	0
752.5	1.37552	0
753	1.37551	0
753.5	1.37551	0
754	1.3755	0
754.5	1.3755	0
755	1.37549	0
755.5	1.37549	0
756	1.37549	0
756.5	1.37548	0
757	1.37548	0
757.5	1.37547	0
758	1.37547	0
758.5	1.37546	0
759	1.37546	0
759.5	1.37545	0
760	1.37545	0
760.5	1.37545	0
761	1.37544	0
761.5	1.37544	0
762	1.37543	0
762.5	1.37543	0
763	1.37542	0
763.5	1.37542	0
764	1.37541	0
764.5	1.37541	0
765	1.3754	0
765.5	1.3754	0
766	1.37539	0
766.5	1.37539	0
767	1.37538	0
767.5	1.37538	0
768	1.37537	0
768.5	1.37536	0
769	1.37536	0
769.5	1.37536	0
770	1.37535	0
770.5	1.37535	0
771	1.37534	0
771.5	1.37534	0
772	1.37533	0
772.5	1.37533	0
773	1.37532	0
773.5	1.37532	0
774	1.37531	0
774.5	1.37531	0
775	1.37531	0
775.5	1.3753	0
776	1.3753	0
776.5	1.37529	0
777	1.37529	0
777.5	1.37528	0
778	1.37528	0
778.5	1.37527	0
779	1.37527	0
779.5	1.37526	0
780	1.37526	0
780.5	1.37526	0
781	1.37525	0
781.5	1.37525	0
782	1.37524	0
782.5	1.37524	0
783	1.37523	0
783.5	1.37523	0
784	1.37522	0
784.5	1.37522	0
785	1.37521	0
785.5	1.37521	0
786	1.37521	0
786.5	1.3752	0
787	1.3752	0
787.5	1.37519	0
788	1.37519	0
788.5	1.37518	0
789	1.37518	0
789.5	1.37517	0
790	1.37517	0
790.5	1.37517	0
791	1.37516	0
791.5	1.37516	0
792	1.37515	0
792.5	1.37515	0
793	1.37514	0
793.5	1.37514	0
794	1.37513	0
794.5	1.37513	0
795	1.37513	0
795.5	1.37512	0
796	1.37512	0
796.5	1.37511	0
797	1.37511	0
797.5	1.3751	0
798	1.3751	0
798.5	1.37509	0
799	1.37509	0
799.5	1.37508	0
800	1.37508	0
800.5	1.37508	0
801	1.37507	0
801.5	1.37507	0
802	1.37506	0
802.5	1.37506	0
803	1.37505	0
803.5	1.37505	0
804	1.37504	0
804.5	1.37504	0
805	1.37504	0
805.5	1.37503	0
806	1.37503	0
806.5	1.37502	0
807	1.37502	0
807.5	1.37501	0
808	1.37501	0
808.5	1.375	0
809	1.375	0
809.5	1.37499	0
810	1.37499	0
810.5	1.37499	0
811	1.37498	0
811.5	1.37498	0
812	1.37497	0
812.5	1.37497	0
813	1.37497	0
813.5	1.37496	0
814	1.37496	0
814.5	1.37495	0
815	1.37495	0
815.5	1.37495	0
816	1.37494	0
816.5	1.37494	0
817	1.37493	0
817.5	1.37493	0
818	1.37493	0
818.5	1.37492	0
819	1.37492	0
819.5	1.37491	0
820	1.37491	0
820.5	1.37491	0
821	1.3749	0
821.5	1.3749	0
822	1.37489	0
822.5	1.37489	0
823	1.37489	0
823.5	1.37488	0
824	1.37488	0
824.5	1.37487	0
825	1.37487	0
825.5	1.37487	0
826	1.37486	0
826.5	1.37486	0
827	1.37485	0
827.5	1.37485	0
828	1.37485	0
828.5	1.37484	0
829	1.37484	0
829.5	1.37483	0
830	1.37483	0
830.5	1.37483	0
831	1.37482	0
831.5	1.37482	0
832	1.37481	0
832.5	1.37481	0
833	1.37481	0
833.5	1.3748	0
834	1.3748	0
834.5	1.37479	0
835	1.37479	0
835.5	1.37479	0
836	1.37478	0
836.5	1.37478	0
837	1.37477	0
837.5	1.37477	0
838	1.37477	0
838.5	1.37476	0
839	1.37476	0
839.5	1.37475	0
840	1.37475	0
840.5	1.37475	0
841	1.37474	0
841.5	1.37474	0
842	1.37473	0
842.5	1.37473	0
843	1.37473	0
843.5	1.37472	0
844	1.37472	0
844.5	1.37471	0
845	1.37471	0
845.5	1.37471	0
846	1.3747	0
846.5	1.3747	0
847	1.37469	0
847.5	1.37469	0
848	1.37469	0
848.5	1.37468	0
849	1.37468	0
849.5	1.37467	0
850	1.37467	0
850.5	1.37467	0
851	1.37466	0
851.5	1.37466	0
852	1.37466	0
852.5	1.37465	0
853	1.37465	0
853.5	1.37465	0
854	1.37464	0
854.5	1.37464	0
855	1.37464	0
855.5	1.37463	0
856	1.37463	0
856.5	1.37462	0
857	1.37462	0
857.5	1.37462	0
858	1.37461	0
858.5	1.37461	0
859	1.37461	0
859.5	1.3746	0
860	1.3746	0
860.5	1.3746	0
861	1.37459	0
861.5	1.37459	0
862	1.37458	0
862.5	1.37458	0
863	1.37458	0
863.5	1.37457	0
864	1.37457	0
864.5	1.37456	0
865	1.37456	0
865.5	1.37456	0
866	1.37455	0
866.5	1.37455	0
867	1.37454	0
867.5	1.37454	0
868	1.37454	0
868.5	1.37453	0
869	1.37453	0
869.5	1.37452	0
870	1.37452	0
870.5	1.37452	0
871	1.37451	0
871.5	1.37451	0
872	1.37451	0
872.5	1.3745	0
873	1.3745	0
873.5	1.3745	0
874	1.37449	0
874.5	1.37449	0
875	1.37449	0
875.5	1.37448	0
876	1.37448	0
876.5	1.37447	0
877	1.37447	0
877.5	1.37447	0
878	1.37446	0
878.5	1.37446	0
879	1.37446	0
879.5	1.37445	0
880	1.37445	0
880.5	1.37445	0
881	1.37444	0
881.5	1.37444	0
882	1.37444	0
882.5	1.37443	0
883	1.37443	0
883.5	1.37443	0
884	1.37442	0
884.5	1.37442	0
885	1.37441	0
885.5	1.37441	0
886	1.37441	0
886.5	1.3744	0
887	1.3744	0
887.5	1.3744	0
888	1.37439	0
888.5	1.37439	0
889	1.37439	0
889.5	1.37438	0
890	1.37438	0
890.5	1.37438	0
891	1.37437	0
891.5	1.37437	0
892	1.37437	0
892.5	1.37436	0
893	1.37436	0
893.5	1.37436	0
894	1.37435	0
894.5	1.37435	0
895	1.37434	0
895.5	1.37434	0
896	1.37434	0
896.5	1.37433	0
897	1.37433	0
897.5	1.37433	0
898	1.37432	0
898.5	1.37432	0
899	1.37432	0
899.5	1.37431	0
900	1.37431	0
900.5	1.37431	0
901	1.3743	0
901.5	1.3743	0
902	1.3743	0
902.5	1.37429	0
903	1.37429	0
903.5	1.37429	0
904	1.37428	0
904.5	1.37428	0
905	1.37427	0
905.5	1.37427	0
906	1.37427	0
906.5	1.37426	0
907	1.37426	0
907.5	1.37426	0
908	1.37425	0
908.5	1.37425	0
909	1.37425	0
909.5	1.37424	0
910	1.37424	0
910.5	1.37424	0
911	1.37423	0
911.5	1.37423	0
912	1.37423	0
912.5	1.37423	0
913	1.37422	0
913.5	1.37422	0
914	1.37422	0
914.5	1.37421	0
915	1.37421	0
915.5	1.37421	0
916	1.3742	0
916.5	1.3742	0
917	1.3742	0
917.5	1.37419	0
918	1.37419	0
918.5	1.37419	0
919	1.37419	0
919.5	1.37418	0
920	1.37418	0
920.5	1.37418	0
921	1.37417	0
921.5	1.37417	0
922	1.37417	0
922.5	1.37416	0
923	1.37416	0
923.5	1.37416	0
924	1.37415	0
924.5	1.37415	0
925	1.37414	0
925.5	1.37414	0
926	1.37414	0
926.5	1.37413	0
927	1.37413	0
927.5	1.37413	0
928	1.37412	0
928.5	1.37412	0
929	1.37412	0
929.5	1.37411	0
930	1.37411	0
930.5	1.37411	0
931	1.3741	0
931.5	1.3741	0
932	1.3741	0
932.5	1.37409	0
933	1.37409	0
933.5	1.37409	0
934	1.37408	0
934.5	1.37408	0
935	1.37407	0
935.5	1.37407	0
936	1.37407	0
936.5	1.37406	0
937	1.37406	0
937.5	1.37406	0
938	1.37405	0
938.5	1.37405	0
939	1.37405	0
939.5	1.37404	0
940	1.37404	0
940.5	1.37404	0
941	1.37403	0
941.5	1.37403	0
942	1.37403	0
942.5	1.37403	0
943	1.37402	0
943.5	1.37402	0
944	1.37402	0
944.5	1.37401	0
945	1.37401	0
945.5	1.37401	0
946	1.374	0
946.5	1.374	0
947	1.374	0
947.5	1.37399	0
948	1.37399	0
948.5	1.37399	0
949	1.37399	0
949.5	1.37398	0
950	1.37398	0
950.5	1.37398	0
951	1.37397	0
951.5	1.37397	0
952	1.37397	0
952.5	1.37397	0
953	1.37396	0
953.5	1.37396	0
954	1.37396	0
954.5	1.37395	0
955	1.37395	0
955.5	1.37395	0
956	1.37394	0
956.5	1.37394	0
957	1.37394	0
957.5	1.37393	0
958	1.37393	0
958.5	1.37393	0
959	1.37393	0
959.5	1.37392	0
960	1.37392	0
960.5	1.37392	0
961	1.37391	0
961.5	1.37391	0
962	1.37391	0
962.5	1.37391	0
963	1.3739	0
963.5	1.3739	0
964	1.3739	0
964.5	1.37389	0
965	1.37389	0
965.5	1.37389	0
966	1.37388	0
966.5	1.37388	0
967	1.37388	0
967.5	1.37388	0
968	1.37387	0
968.5	1.37387	0
969	1.37387	0
969.5	1.37386	0
970	1.37386	0
970.5	1.37386	0
971	1.37385	0
971.5	1.37385	0
972	1.37385	0
972.5	1.37384	0
973	1.37384	0
973.5	1.37384	0
974	1.37383	0
974.5	1.37383	0
975	1.37383	0
975.5	1.37382	0
976	1.37382	0
976.5	1.37381	0
977	1.37381	0
977.5	1.37381	0
978	1.3738	0
978.5	1.3738	0
979	1.3738	0
979.5	1.37379	0
980	1.37379	0
980.5	1.37379	0
981	1.37378	0
981.5	1.37378	0
982	1.37378	0
982.5	1.37378	0
983	1.37377	0
983.5	1.37377	0
984	1.37377	0
984.5	1.37376	0
985	1.37376	0
985.5	1.37376	0
986	1.37375	0
986.5	1.37375	0
987	1.37375	0
987.5	1.37375	0
988	1.37374	0
988.5	1.37374	0
989	1.37374	0
989.5	1.37373	0
990	1.37373	0
990.5	1.37373	0
991	1.37372	0
991.5	1.37372	0
992	1.37372	0
992.5	1.37372	0
993	1.37372	0
993.5	1.37371	0
994	1.37371	0
994.5	1.37371	0
995	1.37371	0
995.5	1.3737	0
996	1.3737	0
996.5	1.3737	0
997	1.37369	0
997.5	1.37369	0
998	1.37369	0
998.5	1.37369	0
999	1.37369	0
999.5	1.37368	0
1000	1.37368	0
1000.5	1.37368	0
1001	1.37367	0
1001.5	1.37367	0
1002	1.37367	0
1002.5	1.37366	0
1003	1.37366	0
1003.5	1.37366	0
1004	1.37366	0
1004.5	1.37365	0
1005	1.37365	0
1005.5	1.37365	0
1006	1.37364	0
1006.5	1.37364	0
1007	1.37364	0
1007.5	1.37364	0
1008	1.37363	0
1008.5	1.37363	0
1009	1.37363	0
1009.5	1.37362	0
1010	1.37362	0
1010.5	1.37362	0
1011	1.37361	0
1011.5	1.37361	0
1012	1.37361	0
1012.5	1.37361	0
1013	1.3736	0
1013.5	1.3736	0
1014	1.3736	0
1014.5	1.37359	0
1015	1.37359	0
1015.5	1.37359	0
1016	1.37358	0
1016.5	1.37358	0
1017	1.37358	0
1017.5	1.37358	0
1018	1.37357	0
1018.5	1.37357	0
1019	1.37357	0
1019.5	1.37356	0
1020	1.37356	0
1020.5	1.37356	0
1021	1.37355	0
1021.5	1.37355	0
1022	1.37355	0
1022.5	1.37355	0
1023	1.37354	0
1023.5	1.37354	0
1024	1.37354	0
1024.5	1.37353	0
1025	1.37353	0
1025.5	1.37353	0
1026	1.37352	0
1026.5	1.37352	0
1027	1.37352	0
1027.5	1.37351	0
1028	1.37351	0
1028.5	1.37351	0
1029	1.37351	0
1029.5	1.3735	0
1030	1.3735	0
1030.5	1.3735	0
1031	1.37349	0
1031.5	1.37349	0
1032	1.37349	0
1032.5	1.37349	0
1033	1.37349	0
1033.5	1.37348	0
1034	1.37348	0
1034.5	1.37348	0
1035	1.37348	0
1035.5	1.37347	0
1036	1.37347	0
1036.5	1.37347	0
1037	1.37346	0
1037.5	1.37346	0
1038	1.37346	0
1038.5	1.37346	0
1039	1.37346	0
1039.5	1.37345	0
1040	1.37345	0
1040.5	1.37345	0
1041	1.37344	0
1041.5	1.37344	0
1042	1.37344	0
1042.5	1.37344	0
1043	1.37343	0
1043.5	1.37343	0
1044	1.37343	0
1044.5	1.37342	0
1045	1.37342	0
1045.5	1.37342	0
1046	1.37341	0
1046.5	1.37341	0
1047	1.37341	0
1047.5	1.37341	0
1048	1.3734	0
1048.5	1.3734	0
1049	1.3734	0
1049.5	1.37339	0
1050	1.37339	0
1050.5	1.37339	0
1051	1.37338	0
1051.5	1.37338	0
1052	1.37338	0
1052.5	1.37338	0
1053	1.37337	0
1053.5	1.37337	0
1054	1.37337	0
1054.5	1.37336	0
1055	1.37336	0
1055.5	1.37336	0
1056	1.37335	0
1056.5	1.37335	0
1057	1.37335	0
1057.5	1.37335	0
1058	1.37334	0
1058.5	1.37334	0
1059	1.37334	0
1059.5	1.37333	0
1060	1.37333	0
1060.5	1.37333	0
1061	1.37332	0
1061.5	1.37332	0
1062	1.37332	0
1062.5	1.37332	0
1063	1.37332	0
1063.5	1.37331	0
1064	1.37331	0
1064.5	1.37331	0
1065	1.37331	0
1065.5	1.3733	0
1066	1.3733	0
1066.5	1.3733	0
1067	1.37329	0
1067.5	1.37329	0
1068	1.37329	0
1068.5	1.37329	0
1069	1.37329	0
1069.5	1.37328	0
1070	1.37328	0
1070.5	1.37328	0
1071	1.37328	0
1071.5	1.37327	0
1072	1.37327	0
1072.5	1.37327	0
1073	1.37327	0
1073.5	1.37326	0
1074	1.37326	0
1074.5	1.37326	0
1075	1.37325	0
1075.5	1.37325	0
1076	1.37325	0
1076.5	1.37325	0
1077	1.37325	0
1077.5	1.37324	0
1078	1.37324	0
1078.5	1.37324	0
1079	1.37324	0
1079.5	1.37323	0
1080	1.37323	0
1080.5	1.37323	0
1081	1.37322	0
1081.5	1.37322	0
1082	1.37322	0
1082.5	1.37322	0
1083	1.37321	0
1083.5	1.37321	0
1084	1.37321	0
1084.5	1.3732	0
1085	1.3732	0
1085.5	1.3732	0
1086	1.37319	0
1086.5	1.37319	0
1087	1.37319	0
1087.5	1.37318	0
1088	1.37318	0
1088.5	1.37318	0
1089	1.37318	0
1089.5	1.37317	0
1090	1.37317	0
1090.5	1.37317	0
1091	1.37317	0
1091.5	1.37316	0
1092	1.37316	0
1092.5	1.37316	0
1093	1.37315	0
1093.5	1.37315	0
1094	1.37315	0
1094.5	1.37315	0
1095	1.37315	0
1095.5	1.37314	0
1096	1.37314	0
1096.5	1.37314	0
1097	1.37314	0
1097.5	1.37313	0
1098	1.37313	0
1098.5	1.37313	0
1099	1.37312	0
1099.5	1.37312	0
1100	1.37312	0
1100.5	1.37312	0
1101	1.37311	0
1101.5	1.37311	0
1102	1.37311	0
1102.5	1.3731	0
1103	1.3731	0
1103.5	1.3731	0
1104	1.3731	0
1104.5	1.37309	0
1105	1.37309	0
1105.5	1.37309	0
1106	1.37308	0
1106.5	1.37308	0
1107	1.37308	0
1107.5	1.37308	0
1108	1.37307	0
1108.5	1.37307	0
1109	1.37307	0
1109.5	1.37306	0
1110	1.37306	0
1110.5	1.37306	0
1111	1.37305	0
1111.5	1.37305	0
1112	1.37305	0
1112.5	1.37305	0
1113	1.37305	0
1113.5	1.37304	0
1114	1.37304	0
1114.5	1.37304	0
1115	1.37304	0
1115.5	1.37303	0
1116	1.37303	0
1116.5	1.37303	0
1117	1.37302	0
1117.5	1.37302	0
1118	1.37302	0
1118.5	1.37302	0
1119	1.37302	0
1119.5	1.37301	0
1120	1.37301	0
1120.5	1.37301	0
1121	1.37301	0
1121.5	1.373	0
1122	1.373	0
1122.5	1.373	0
1123	1.373	0
1123.5	1.37299	0
1124	1.37299	0
1124.5	1.37299	0
1125	1.37298	0
1125.5	1.37298	0
1126	1.37298	0
1126.5	1.37298	0
1127	1.37298	0
1127.5	1.37297	0
1128	1.37297	0
1128.5	1.37297	0
1129	1.37297	0
1129.5	1.37296	0
1130	1.37296	0
1130.5	1.37296	0
1131	1.37295	0
1131.5	1.37295	0
1132	1.37295	0
1132.5	1.37295	0
1133	1.37295	0
1133.5	1.37294	0
1134	1.37294	0
1134.5	1.37294	0
1135	1.37294	0
1135.5	1.37293	0
1136	1.37293	0
1136.5	1.37293	0
1137	1.37293	0
1137.5	1.37292	0
1138	1.37292	0
1138.5	1.37292	0
1139	1.37292	0
1139.5	1.37291	0
1140	1.37291	0
1140.5	1.37291	0
1141	1.37291	0
1141.5	1.3729	0
1142	1.3729	0
1142.5	1.3729	0
1143	1.3729	0
1143.5	1.37289	0
1144	1.37289	0
1144.5	1.37289	0
1145	1.37289	0
1145.5	1.37288	0
1146	1.37288	0
1146.5	1.37288	0
1147	1.37288	0
1147.5	1.37287	0
1148	1.37287	0
1148.5	1.37287	0
1149	1.37287	0
1149.5	1.37286	0
1150	1.37286	0
1150.5	1.37286	0
1151	1.37285	0
1151.5	1.37285	0
1152	1.37285	0
1152.5	1.37285	0
1153	1.37285	0
1153.5	1.37284	0
1154	1.37284	0
1154.5	1.37284	0
1155	1.37284	0
1155.5	1.37283	0
1156	1.37283	0
1156.5	1.37283	0
1157	1.37283	0
1157.5	1.37282	0
1158	1.37282	0
1158.5	1.37282	0
1159	1.37282	0
1159.5	1.37281	0
1160	1.37281	0
1160.5	1.37281	0
1161	1.37281	0
1161.5	1.3728	0
1162	1.3728	0
1162.5	1.3728	0
1163	1.3728	0
1163.5	1.37279	0
1164	1.37279	0
1164.5	1.37279	0
1165	1.37278	0
1165.5	1.37278	0
1166	1.37278	0
1166.5	1.37278	0
1167	1.37278	0
1167.5	1.37277	0
1168	1.37277	0
1168.5	1.37277	0
1169	1.37277	0
1169.5	1.37276	0
1170	1.37276	0
1170.5	1.37276	0
1171	1.37275	0
1171.5	1.37275	0
1172	1.37275	0
1172.5	1.37275	0
1173	1.37275	0
1173.5	1.37274	0
1174	1.37274	0
1174.5	1.37274	0
1175	1.37274	0
1175.5	1.37273	0
1176	1.37273	0
1176.5	1.37273	0
1177	1.37273	0
1177.5	1.37272	0
1178	1.37272	0
1178.5	1.37272	0
1179	1.37272	0
1179.5	1.37271	0
1180	1.37271	0
1180.5	1.37271	0
1181	1.37271	0
1181.5	1.3727	0
1182	1.3727	0
1182.5	1.3727	0
1183	1.3727	0
1183.5	1.37269	0
1184	1.37269	0
1184.5	1.37269	0
1185	1.37269	0
1185.5	1.37268	0
1186	1.37268	0
1186.5	1.37268	0
1187	1.37268	0
1187.5	1.37267	0
1188	1.37267	0
1188.5	1.37267	0
1189	1.37267	0
1189.5	1.37266	0
1190	1.37266	0
1190.5	1.37266	0
1191	1.37265	0
1191.5	1.37265	0
1192	1.37265	0
1192.5	1.37264	0
1193	1.37264	0
1193.5	1.37264	0
1194	1.37264	0
1194.5	1.37263	0
1195	1.37263	0
1195.5	1.37263	0
1196	1.37262	0
1196.5	1.37262	0
1197	1.37262	0
1197.5	1.37262	0
1198	1.37261	0
1198.5	1.37261	0
1199	1.37261	0
1199.5	1.3726	0
1200	1.3726	0
1200.5	1.3726	0
1201	1.3726	0
1201.5	1.37259	0
1202	1.37259	0
1202.5	1.37259	0
1203	1.37259	0
1203.5	1.37259	0
1204	1.37258	0
1204.5	1.37258	0
1205	1.37258	0
1205.5	1.37258	0
1206	1.37258	0
1206.5	1.37257	0
1207	1.37257	0
1207.5	1.37257	0
1208	1.37257	0
1208.5	1.37257	0
1209	1.37256	0
1209.5	1.37256	0
1210	1.37256	0
1210.5	1.37256	0
1211	1.37256	0
1211.5	1.37255	0
1212	1.37255	0
1212.5	1.37255	0
1213	1.37254	0
1213.5	1.37254	0
1214	1.37254	0
1214.5	1.37254	0
1215	1.37254	0
1215.5	1.37253	0
1216	1.37253	0
1216.5	1.37253	0
1217	1.37253	0
1217.5	1.37252	0
1218	1.37252	0
1218.5	1.37252	0
1219	1.37251	0
1219.5	1.37251	0
1220	1.37251	0
1220.5	1.37251	0
1221	1.3725	0
1221.5	1.3725	0
1222	1.3725	0
1222.5	1.3725	0
1223	1.3725	0
1223.5	1.37249	0
1224	1.37249	0
1224.5	1.37249	0
1225	1.37249	0
1225.5	1.37248	0
1226	1.37248	0
1226.5	1.37248	0
1227	1.37247	0
1227.5	1.37247	0
1228	1.37247	0
1228.5	1.37247	0
1229	1.37247	0
1229.5	1.37246	0
1230	1.37246	0
1230.5	1.37246	0
1231	1.37246	0
1231.5	1.37245	0
1232	1.37245	0
1232.5	1.37245	0
1233	1.37244	0
1233.5	1.37244	0
1234	1.37244	0
1234.5	1.37244	0
1235	1.37243	0
1235.5	1.37243	0
1236	1.37243	0
1236.5	1.37243	0
1237	1.37243	0
1237.5	1.37242	0
1238	1.37242	0
1238.5	1.37242	0
1239	1.37241	0
1239.5	1.37241	0
1240	1.37241	0
1240.5	1.37241	0
1241	1.3724	0
1241.5	1.3724	0
1242	1.3724	0
1242.5	1.3724	0
1243	1.3724	0
1243.5	1.37239	0
1244	1.37239	0
1244.5	1.37239	0
1245	1.37239	0
1245.5	1.37238	0
1246	1.37238	0
1246.5	1.37238	0
1247	1.37237	0
1247.5	1.37237	0
1248	1.37237	0
1248.5	1.37237	0
1249	1.37237	0
1249.5	1.37236	0
1250	1.37236	0
1250.5	1.37236	0
1251	1.37236	0
1251.5	1.37235	0
1252	1.37235	0
1252.5	1.37235	0
1253	1.37234	0
1253.5	1.37234	0
1254	1.37234	0
1254.5	1.37234	0
1255	1.37234	0
1255.5	1.37233	0
1256	1.37233	0
1256.5	1.37233	0
1257	1.37233	0
1257.5	1.37232	0
1258	1.37232	0
1258.5	1.37232	0
1259	1.37232	0
1259.5	1.37231	0
1260	1.37231	0
1260.5	1.37231	0
1261	1.3723	0
1261.5	1.3723	0
1262	1.3723	0
1262.5	1.3723	0
1263	1.3723	0
1263.5	1.37229	0
1264	1.37229	0
1264.5	1.37229	0
1265	1.37229	0
1265.5	1.37228	0
1266	1.37228	0
1266.5	1.37228	0
1267	1.37227	0
1267.5	1.37227	0
1268	1.37227	0
1268.5	1.37227	0
1269	1.37227	0
1269.5	1.37226	0
1270	1.37226	0
1270.5	1.37226	0
1271	1.37226	0
1271.5	1.37225	0
1272	1.37225	0
1272.5	1.37225	0
1273	1.37224	0
1273.5	1.37224	0
1274	1.37224	0
1274.5	1.37224	0
1275	1.37223	0
1275.5	1.37223	0
1276	1.37223	0
1276.5	1.37223	0
1277	1.37223	0
1277.5	1.37222	0
1278	1.37222	0
1278.5	1.37222	0
1279	1.37222	0
1279.5	1.37221	0
1280	1.37221	0
1280.5	1.37221	0
1281	1.3722	0
1281.5	1.3722	0
1282	1.3722	0
1282.5	1.3722	0
1283	1.3722	0
1283.5	1.37219	0
1284	1.37219	0
1284.5	1.37219	0
1285	1.37219	0
1285.5	1.37218	0
1286	1.37218	0
1286.5	1.37218	0
1287	1.37217	0
1287.5	1.37217	0
1288	1.37217	0
1288.5	1.37217	0
1289	1.37217	0
1289.5	1.37216	0
1290	1.37216	0
1290.5	1.37216	0
1291	1.37216	0
1291.5	1.37215	0
1292	1.37215	0
1292.5	1.37215	0
1293	1.37215	0
1293.5	1.37215	0
1294	1.37214	0
1294.5	1.37214	0
1295	1.37214	0
1295.5	1.37214	0
1296	1.37214	0
1296.5	1.37213	0
1297	1.37213	0
1297.5	1.37213	0
1298	1.37213	0
1298.5	1.37213	0
1299	1.37212	0
1299.5	1.37212	0
1300	1.37212	0
1300.5	1.37212	0
1301	1.37212	0
1301.5	1.37211	0
1302	1.37211	0
1302.5	1.37211	0
1303	1.37211	0
1303.5	1.37211	0
1304	1.3721	0
1304.5	1.3721	0
1305	1.3721	0
1305.5	1.3721	0
1306	1.3721	0
1306.5	1.37209	0
1307	1.37209	0
1307.5	1.37209	0
1308	1.37209	0
1308.5	1.37209	0
1309	1.37208	0
1309.5	1.37208	0
1310	1.37208	0
1310.5	1.37208	0
1311	1.37208	0
1311.5	1.37207	0
1312	1.37207	0
1312.5	1.37207	0
1313	1.37207	0
1313.5	1.37207	0
1314	1.37206	0
1314.5	1.37206	0
1315	1.37206	0
1315.5	1.37206	0
1316	1.37206	0
1316.5	1.37205	0
1317	1.37205	0
1317.5	1.37205	0
1318	1.37205	0
1318.5	1.37205	0
1319	1.37204	0
1319.5	1.37204	0
1320	1.37204	0
1320.5	1.37204	0
1321	1.37204	0
1321.5	1.37203	0
1322	1.37203	0
1322.5	1.37203	0
1323	1.37203	0
1323.5	1.37203	0
1324	1.37202	0
1324.5	1.37202	0
1325	1.37202	0
1325.5	1.37202	0
1326	1.37202	0
1326.5	1.37201	0
1327	1.37201	0
1327.5	1.37201	0
1328	1.37201	0
1328.5	1.37201	0
1329	1.372	0
1329.5	1.372	0
1330	1.372	0
1330.5	1.372	0
1331	1.372	0
1331.5	1.37199	0
1332	1.37199	0
1332.5	1.37199	0
1333	1.37199	0
1333.5	1.37199	0
1334	1.37198	0
1334.5	1.37198	0
1335	1.37198	0
1335.5	1.37198	0
1336	1.37198	0
1336.5	1.37197	0
1337	1.37197	0
1337.5	1.37197	0
1338	1.37197	0
1338.5	1.37197	0
1339	1.37196	0
1339.5	1.37196	0
1340	1.37196	0
1340.5	1.37196	0
1341	1.37196	0
1341.5	1.37195	0
1342	1.37195	0
1342.5	1.37195	0
1343	1.37195	0
1343.5	1.37195	0
1344	1.37194	0
1344.5	1.37194	0
1345	1.37194	0
1345.5	1.37194	0
1346	1.37194	0
1346.5	1.37193	0
1347	1.37193	0
1347.5	1.37193	0
1348	1.37193	0
1348.5	1.37193	0
1349	1.37192	0
1349.5	1.37192	0
1350	1.37192	0
1350.5	1.37192	0
1351	1.37192	0
1351.5	1.37191	0
1352	1.37191	0
1352.5	1.37191	0
1353	1.37191	0
1353.5	1.37191	0
1354	1.3719	0
1354.5	1.3719	0
1355	1.3719	0
1355.5	1.3719	0
1356	1.3719	0
1356.5	1.37189	0
1357	1.37189	0
1357.5	1.37189	0
1358	1.37189	0
1358.5	1.37189	0
1359	1.37188	0
1359.5	1.37188	0
1360	1.37188	0
1360.5	1.37188	0
1361	1.37188	0
1361.5	1.37187	0
1362	1.37187	0
1362.5	1.37187	0
1363	1.37187	0
1363.5	1.37187	0
1364	1.37186	0
1364.5	1.37186	0
1365	1.37186	0
1365.5	1.37186	0
1366	1.37186	0
1366.5	1.37185	0
1367	1.37185	0
1367.5	1.37185	0
1368	1.37185	0
1368.5	1.37185	0
1369	1.37184	0
1369.5	1.37184	0
1370	1.37184	0
1370.5	1.37184	0
1371	1.37184	0
1371.5	1.37183	0
1372	1.37183	0
1372.5	1.37183	0
1373	1.37183	0
1373.5	1.37183	0
1374	1.37182	0
1374.5	1.37182	0
1375	1.37182	0
1375.5	1.37182	0
1376	1.37182	0
1376.5	1.37181	0
1377	1.37181	0
1377.5	1.37181	0
1378	1.37181	0
1378.5	1.37181	0
1379	1.3718	0
1379.5	1.3718	0
1380	1.3718	0
1380.5	1.3718	0
1381	1.3718	0
1381.5	1.37179	0
1382	1.37179	0
1382.5	1.37179	0
1383	1.37179	0
1383.5	1.37179	0
1384	1.37178	0
1384.5	1.37178	0
1385	1.37178	0
1385.5	1.37178	0
1386	1.37178	0
1386.5	1.37177	0
1387	1.37177	0
1387.5	1.37177	0
1388	1.37177	0
1388.5	1.37177	0
1389	1.37176	0
1389.5	1.37176	0
1390	1.37176	0
1390.5	1.37176	0
1391	1.37176	0
1391.5	1.37175	0
1392	1.37175	0
1392.5	1.37175	0
1393	1.37175	0
1393.5	1.37175	0
1394	1.37174	0
1394.5	1.37174	0
1395	1.37174	0
1395.5	1.37174	0
1396	1.37174	0
1396.5	1.37173	0
1397	1.37173	0
1397.5	1.37173	0
1398	1.37173	0
1398.5	1.37173	0
1399	1.37172	0
1399.5	1.37172	0
1400	1.37172	0
1400.5	1.37172	0
1401	1.37172	0
1401.5	1.37171	0
1402	1.37171	0
1402.5	1.37171	0
1403	1.37171	0
1403.5	1.37171	0
1404	1.3717	0
1404.5	1.3717	0
1405	1.3717	0
1405.5	1.3717	0
1406	1.3717	0
1406.5	1.37169	0
1407	1.37169	0
1407.5	1.37169	0
1408	1.37169	0
1408.5	1.37169	0
1409	1.37168	0
1409.5	1.37168	0
1410	1.37168	0
1410.5	1.37168	0
1411	1.37168	0
1411.5	1.37167	0
1412	1.37167	0
1412.5	1.37167	0
1413	1.37167	0
1413.5	1.37167	0
1414	1.37166	0
1414.5	1.37166	0
1415	1.37166	0
1415.5	1.37166	0
1416	1.37166	0
1416.5	1.37165	0
1417	1.37165	0
1417.5	1.37165	0
1418	1.37165	0
1418.5	1.37165	0
1419	1.37164	0
1419.5	1.37164	0
1420	1.37164	0
1420.5	1.37164	0
1421	1.37164	0
1421.5	1.37163	0
1422	1.37163	0
1422.5	1.37163	0
1423	1.37163	0
1423.5	1.37163	0
1424	1.37162	0
1424.5	1.37162	0
1425	1.37162	0
1425.5	1.37162	0
1426	1.37162	0
1426.5	1.37161	0
1427	1.37161	0
1427.5	1.37161	0
1428	1.37161	0
1428.5	1.37161	0
1429	1.3716	0
1429.5	1.3716	0
1430	1.3716	0
1430.5	1.3716	0
1431	1.3716	0
1431.5	1.37159	0
1432	1.37159	0
1432.5	1.37159	0
1433	1.37159	0
1433.5	1.37159	0
1434	1.37158	0
1434.5	1.37158	0
1435	1.37158	0
1435.5	1.37158	0
1436	1.37158	0
1436.5	1.37157	0
1437	1.37157	0
1437.5	1.37157	0
1438	1.37157	0
1438.5	1.37157	0
1439	1.37156	0
1439.5	1.37156	0
1440	1.37156	0
1440.5	1.37156	0
1441	1.37156	0
1441.5	1.37155	0
1442	1.37155	0
1442.5	1.37155	0
1443	1.37155	0
1443.5	1.37155	0
1444	1.37154	0
1444.5	1.37154	0
1445	1.37154	0
1445.5	1.37154	0
1446	1.37154	0
1446.5	1.37153	0
1447	1.37153	0
1447.5	1.37153	0
1448	1.37153	0
1448.5	1.37153	0
1449	1.37152	0
1449.5	1.37152	0
1450	1.37152	0
1450.5	1.37152	0
1451	1.37152	0
1451.5	1.37151	0
1452	1.37151	0
1452.5	1.37151	0
1453	1.37151	0
1453.5	1.37151	0
1454	1.3715	0
1454.5	1.3715	0
1455	1.3715	0
1455.5	1.3715	0
1456	1.3715	0
1456.5	1.37149	0
1457	1.37149	0
1457.5	1.37149	0
1458	1.37149	0
1458.5	1.37149	0
1459	1.37148	0
1459.5	1.37148	0
1460	1.37148	0
1460.5	1.37148	0
1461	1.37148	0
1461.5	1.37147	0
1462	1.37147	0
1462.5	1.37147	0
1463	1.37147	0
1463.5	1.37147	0
1464	1.37146	0
1464.5	1.37146	0
1465	1.37146	0
1465.5	1.37146	0
1466	1.37146	0
1466.5	1.37145	0
1467	1.37145	0
1467.5	1.37145	0
1468	1.37145	0
1468.5	1.37145	0
1469	1.37144	0
1469.5	1.37144	0
1470	1.37144	0
1470.5	1.37144	0
1471	1.37144	0
1471.5	1.37143	0
1472	1.37143	0
1472.5	1.37143	0
1473	1.37143	0
1473.5	1.37143	0
1474	1.37142	0
1474.5	1.37142	0
1475	1.37142	0
1475.5	1.37142	0
1476	1.37142	0
1476.5	1.37141	0
1477	1.37141	0
1477.5	1.37141	0
1478	1.37141	0
1478.5	1.37141	0
1479	1.3714	0
1479.5	1.3714	0
1480	1.3714	0
1480.5	1.3714	0
1481	1.3714	0
1481.5	1.37139	0
1482	1.37139	0
1482.5	1.37139	0
1483	1.37139	0
1483.5	1.37139	0
1484	1.37138	0
1484.5	1.37138	0
1485	1.37138	0
1485.5	1.37138	0
1486	1.37138	0
1486.5	1.37137	0
1487	1.37137	0
1487.5	1.37137	0
1488	1.37137	0
1488.5	1.37137	0
1489	1.37136	0
1489.5	1.37136	0
1490	1.37136	0
1490.5	1.37136	0
1491	1.37136	0
1491.5	1.37135	0
1492	1.37135	0
1492.5	1.37135	0
1493	1.37135	0
1493.5	1.37135	0
1494	1.37134	0
1494.5	1.37134	0
1495	1.37134	0
1495.5	1.37134	0
1496	1.37134	0
1496.5	1.37133	0
1497	1.37133	0
1497.5	1.37133	0
1498	1.37133	0
1498.5	1.37133	0
1499	1.37132	0
1499.5	1.37132	0
1500	1.37132	0
1500.5	1.37132	0
1501	1.37132	0
1501.5	1.37131	0
1502	1.37131	0
1502.5	1.37131	0
1503	1.37131	0
1503.5	1.37131	0
1504	1.3713	0
1504.5	1.3713	0
1505	1.3713	0
1505.5	1.3713	0
1506	1.3713	0
1506.5	1.37129	0
1507	1.37129	0
1507.5	1.37129	0
1508	1.37129	0
1508.5	1.37129	0
1509	1.37128	0
1509.5	1.37128	0
1510	1.37128	0
1510.5	1.37128	0
1511	1.37128	0
1511.5	1.37127	0
1512	1.37127	0
1512.5	1.37127	0
1513	1.37127	0
1513.5	1.37127	0
1514	1.37126	0
1514.5	1.37126	0
1515	1.37126	0
1515.5	1.37126	0
1516	1.37126	0
1516.5	1.37125	0
1517	1.37125	0
1517.5	1.37125	0
1518	1.37125	0
1518.5	1.37125	0
1519	1.37124	0
1519.5	1.37124	0
1520	1.37124	0
1520.5	1.37124	0
1521	1.37124	0
1521.5	1.37123	0
1522	1.37123	0
1522.5	1.37123	0
1523	1.37123	0
1523.5	1.37123	0
1524	1.37122	0
1524.5	1.37122	0
1525	1.37122	0
1525.5	1.37122	0
1526	1.37122	0
1526.5	1.37121	0
1527	1.37121	0
1527.5	1.37121	0
1528	1.37121	0
1528.5	1.37121	0
1529	1.3712	0
1529.5	1.3712	0
1530	1.3712	0
1530.5	1.3712	0
1531	1.3712	0
1531.5	1.37119	0
1532	1.37119	0
1532.5	1.37119	0
1533	1.37119	0
1533.5	1.37119	0
1534	1.37118	0
1534.5	1.37118	0
1535	1.37118	0
1535.5	1.37118	0
1536	1.37118	0
1536.5	1.37117	0
1537	1.37117	0
1537.5	1.37117	0
1538	1.37117	0
1538.5	1.37117	0
1539	1.37116	0
1539.5	1.37116	0
1540	1.37116	0
1540.5	1.37116	0
1541	1.37116	0
1541.5	1.37115	0
1542	1.37115	0
1542.5	1.37115	0
1543	1.37115	0
1543.5	1.37115	0
1544	1.37114	0
1544.5	1.37114	0
1545	1.37114	0
1545.5	1.37114	0
1546	1.37114	0
1546.5	1.37113	0
1547	1.37113	0
1547.5	1.37113	0
1548	1.37113	0
1548.5	1.37113	0
1549	1.37112	0
1549.5	1.37112	0
1550	1.37112	0
1550.5	1.37112	0
1551	1.37112	0
1551.5	1.37111	0
1552	1.37111	0
1552.5	1.37111	0
1553	1.37111	0
1553.5	1.37111	0
1554	1.3711	0
1554.5	1.3711	0
1555	1.3711	0
1555.5	1.3711	0
1556	1.3711	0
1556.5	1.37109	0
1557	1.37109	0
1557.5	1.37109	0
1558	1.37109	0
1558.5	1.37109	0
1559	1.37108	0
1559.5	1.37108	0
1560	1.37108	0
1560.5	1.37108	0
1561	1.37108	0
1561.5	1.37107	0
1562	1.37107	0
1562.5	1.37107	0
1563	1.37107	0
1563.5	1.37107	0
1564	1.37106	0
1564.5	1.37106	0
1565	1.37106	0
1565.5	1.37106	0
1566	1.37106	0
1566.5	1.37105	0
1567	1.37105	0
1567.5	1.37105	0
1568	1.37105	0
1568.5	1.37105	0
1569	1.37104	0
1569.5	1.37104	0
1570	1.37104	0
1570.5	1.37104	0
1571	1.37104	0
1571.5	1.37103	0
1572	1.37103	0
1572.5	1.37103	0
1573	1.37103	0
1573.5	1.37103	0
1574	1.37102	0
1574.5	1.37102	0
1575	1.37102	0
1575.5	1.37102	0
1576	1.37102	0
1576.5	1.37101	0
1577	1.37101	0
1577.5	1.37101	0
1578	1.37101	0
1578.5	1.37101	0
1579	1.371	0
1579.5	1.371	0
1580	1.371	0
1580.5	1.371	0
1581	1.371	0
1581.5	1.37099	0
1582	1.37099	0
1582.5	1.37099	0
1583	1.37099	0
1583.5	1.37099	0
1584	1.37098	0
1584.5	1.37098	0
1585	1.37098	0
1585.5	1.37098	0
1586	1.37098	0
1586.5	1.37097	0
1587	1.37097	0
1587.5	1.37097	0
1588	1.37097	0
1588.5	1.37097	0
1589	1.37096	0
1589.5	1.37096	0
1590	1.37096	0
1590.5	1.37096	0
1591	1.37096	0
1591.5	1.37095	0
1592	1.37095	0
1592.5	1.37095	0
1593	1.37095	0
1593.5	1.37095	0
1594	1.37094	0
1594.5	1.37094	0
1595	1.37094	0
1595.5	1.37094	0
1596	1.37094	0
1596.5	1.37093	0
1597	1.37093	0
1597.5	1.37093	0
1598	1.37093	0
1598.5	1.37093	0
1599	1.37092	0
1599.5	1.37092	0
1600	1.37092	0
1600.5	1.37092	0
1601	1.37092	0
1601.5	1.37091	0
1602	1.37091	0
1602.5	1.37091	0
1603	1.37091	0
1603.5	1.37091	0
1604	1.3709	0
1604.5	1.3709	0
1605	1.3709	0
1605.5	1.3709	0
1606	1.3709	0
1606.5	1.37089	0
1607	1.37089	0
1607.5	1.37089	0
1608	1.37089	0
1608.5	1.37089	0
1609	1.37088	0
1609.5	1.37088	0
1610	1.37088	0
1610.5	1.37088	0
1611	1.37088	0
1611.5	1.37087	0
1612	1.37087	0
1612.5	1.37087	0
1613	1.37087	0
1613.5	1.37087	0
1614	1.37086	0
1614.5	1.37086	0
1615	1.37086	0
1615.5	1.37086	0
1616	1.37086	0
1616.5	1.37085	0
1617	1.37085	0
1617.5	1.37085	0
1618	1.37085	0
1618.5	1.37085	0
1619	1.37084	0
1619.5	1.37084	0
1620	1.37084	0
1620.5	1.37084	0
1621	1.37084	0
1621.5	1.37083	0
1622	1.37083	0
1622.5	1.37083	0
1623	1.37083	0
1623.5	1.37083	0
1624	1.37082	0
1624.5	1.37082	0
1625	1.37082	0
1625.5	1.37082	0
1626	1.37082	0
1626.5	1.37081	0
1627	1.37081	0
1627.5	1.37081	0
1628	1.37081	0
1628.5	1.37081	0
1629	1.3708	0
1629.5	1.3708	0
1630	1.3708	0
1630.5	1.3708	0
1631	1.3708	0
1631.5	1.37079	0
1632	1.37079	0
1632.5	1.37079	0
1633	1.37079	0
1633.5	1.37079	0
1634	1.37078	0
1634.5	1.37078	0
1635	1.37078	0
1635.5	1.37078	0
1636	1.37078	0
1636.5	1.37077	0
1637	1.37077	0
1637.5	1.37077	0
1638	1.37077	0
1638.5	1.37077	0
1639	1.37076	0
1639.5	1.37076	0
1640	1.37076	0
1640.5	1.37076	0
1641	1.37076	0
1641.5	1.37075	0
1642	1.37075	0
1642.5	1.37075	0
1643	1.37075	0
1643.5	1.37075	0
1644	1.37074	0
1644.5	1.37074	0
1645	1.37074	0
1645.5	1.37074	0
1646	1.37074	0
1646.5	1.37073	0
1647	1.37073	0
1647.5	1.37073	0
1648	1.37073	0
1648.5	1.37073	0
1649	1.37072	0
1649.5	1.37072	0
1650	1.37072	0
1650.5	1.37072	0
1651	1.37072	0
1651.5	1.37071	0
1652	1.37071	0
1652.5	1.37071	0
1653	1.37071	0
1653.5	1.37071	0
1654	1.3707	0
1654.5	1.3707	0
1655	1.3707	0
1655.5	1.3707	0
1656	1.3707	0
1656.5	1.37069	0
1657	1.37069	0
1657.5	1.37069	0
1658	1.37069	0
1658.5	1.37069	0
1659	1.37068	0
1659.5	1.37068	0
1660	1.37068	0
1660.5	1.37068	0
1661	1.37068	0
1661.5	1.37067	0
1662	1.37067	0
1662.5	1.37067	0
1663	1.37067	0
1663.5	1.37067	0
1664	1.37066	0
1664.5	1.37066	0
1665	1.37066	0
1665.5	1.37066	0
1666	1.37066	0
1666.5	1.37065	0
1667	1.37065	0
1667.5	1.37065	0
1668	1.37065	0
1668.5	1.37065	0
1669	1.37064	0
1669.5	1.37064	0
1670	1.37064	0
1670.5	1.37064	0
1671	1.37064	0
1671.5	1.37063	0
1672	1.37063	0
1672.5	1.37063	0
1673	1.37063	0
1673.5	1.37063	0
1674	1.37062	0
1674.5	1.37062	0
1675	1.37062	0
1675.5	1.37062	0
1676	1.37062	0
1676.5	1.37061	0
1677	1.37061	0
1677.5	1.37061	0
1678	1.37061	0
1678.5	1.37061	0
1679	1.3706	0
1679.5	1.3706	0
1680	1.3706	0
1680.5	1.3706	0
1681	1.3706	0
1681.5	1.37059	0
1682	1.37059	0
1682.5	1.37059	0
1683	1.37059	0
1683.5	1.37059	0
1684	1.37058	0
1684.5	1.37058	0
1685	1.37058	0
1685.5	1.37058	0
1686	1.37058	0
1686.5	1.37057	0
1687	1.37057	0
1687.5	1.37057	0
1688	1.37057	0
1688.5	1.37057	0
1689	1.37056	0
1689.5	1.37056	0
1690	1.37056	0
1690.5	1.37056	0
1691	1.37056	0
1691.5	1.37055	0
1692	1.37055	0
1692.5	1.37055	0
1693	1.37055	0
1693.5	1.37055	0
1694	1.37054	0
1694.5	1.37054	0
1695	1.37054	0
1695.5	1.37054	0
1696	1.37054	0
1696.5	1.37053	0
1697	1.37053	0
1697.5	1.37053	0
1698	1.37053	0
1698.5	1.37053	0
1699	1.37052	0
1699.5	1.37052	0
1700	1.37052	0
1700.5	1.37052	0
1701	1.37052	0
1701.5	1.37051	0
1702	1.37051	0
1702.5	1.37051	0
1703	1.37051	0
1703.5	1.37051	0
1704	1.3705	0
1704.5	1.3705	0
1705	1.3705	0
1705.5	1.3705	0
1706	1.3705	0
1706.5	1.37049	0
1707	1.37049	0
1707.5	1.37049	0
1708	1.37049	0
1708.5	1.37049	0
1709	1.37048	0
1709.5	1.37048	0
1710	1.37048	0
1710.5	1.37048	0
1711	1.37048	0
1711.5	1.37047	0
1712	1.37047	0
1712.5	1.37047	0
1713	1.37047	0
1713.5	1.37047	0
1714	1.37046	0
1714.5	1.37046	0
1715	1.37046	0
1715.5	1.37046	0
1716	1.37046	0
1716.5	1.37045	0
1717	1.37045	0
1717.5	1.37045	0
1718	1.37045	0
1718.5	1.37045	0
1719	1.37044	0
1719.5	1.37044	0
1720	1.37044	0
1720.5	1.37044	0
1721	1.37044	0
1721.5	1.37043	0
1722	1.37043	0
1722.5	1.37043	0
1723	1.37043	0
1723.5	1.37043	0
1724	1.37042	0
1724.5	1.37042	0
1725	1.37042	0
1725.5	1.37042	0
1726	1.37042	0
1726.5	1.37041	0
1727	1.37041	0
1727.5	1.37041	0
1728	1.37041	0
1728.5	1.37041	0
1729	1.3704	0
1729.5	1.3704	0
1730	1.3704	0
1730.5	1.3704	0
1731	1.3704	0
1731.5	1.37039	0
1732	1.37039	0
1732.5	1.37039	0
1733	1.37039	0
1733.5	1.37039	0
1734	1.37038	0
1734.5	1.37038	0
1735	1.37038	0
1735.5	1.37038	0
1736	1.37038	0
1736.5	1.37037	0
1737	1.37037	0
1737.5	1.37037	0
1738	1.37037	0
1738.5	1.37037	0
1739	1.37036	0
1739.5	1.37036	0
1740	1.37036	0
1740.5	1.37036	0
1741	1.37036	0
1741.5	1.37035	0
1742	1.37035	0
1742.5	1.37035	0
1743	1.37035	0
1743.5	1.37035	0
1744	1.37034	0
1744.5	1.37034	0
1745	1.37034	0
1745.5	1.37034	0
1746	1.37034	0
1746.5	1.37033	0
1747	1.37033	0
1747.5	1.37033	0
1748	1.37033	0
1748.5	1.37033	0
1749	1.37032	0
1749.5	1.37032	0
1750	1.37032	0
1750.5	1.37032	0
1751	1.37032	0
1751.5	1.37031	0
1752	1.37031	0
1752.5	1.37031	0
1753	1.37031	0
1753.5	1.37031	0
1754	1.3703	0
1754.5	1.3703	0
1755	1.3703	0
1755.5	1.3703	0
1756	1.3703	0
1756.5	1.37029	0
1757	1.37029	0
1757.5	1.37029	0
1758	1.37029	0
1758.5	1.37029	0
1759	1.37028	0
1759.5	1.37028	0
1760	1.37028	0
1760.5	1.37028	0
1761	1.37028	0
1761.5	1.37027	0
1762	1.37027	0
1762.5	1.37027	0
1763	1.37027	0
1763.5	1.37027	0
1764	1.37026	0
1764.5	1.37026	0
1765	1.37026	0
1765.5	1.37026	0
1766	1.37026	0
1766.5	1.37025	0
1767	1.37025	0
1767.5	1.37025	0
1768	1.37025	0
1768.5	1.37025	0
1769	1.37024	0
1769.5	1.37024	0
1770	1.37024	0
1770.5	1.37024	0
1771	1.37024	0
1771.5	1.37023	0
1772	1.37023	0
1772.5	1.37023	0
1773	1.37023	0
1773.5	1.37023	0
1774	1.37022	0
1774.5	1.37022	0
1775	1.37022	0
1775.5	1.37022	0
1776	1.37022	0
1776.5	1.37021	0
1777	1.37021	0
1777.5	1.37021	0
1778	1.37021	0
1778.5	1.37021	0
1779	1.3702	0
1779.5	1.3702	0
1780	1.3702	0
1780.5	1.3702	0
1781	1.3702	0
1781.5	1.37019	0
1782	1.37019	0
1782.5	1.37019	0
1783	1.37019	0
1783.5	1.37019	0
1784	1.37018	0
1784.5	1.37018	0
1785	1.37018	0
1785.5	1.37018	0
1786	1.37018	0
1786.5	1.37017	0
1787	1.37017	0
1787.5	1.37017	0
1788	1.37017	0
1788.5	1.37017	0
1789	1.37016	0
1789.5	1.37016	0
1790	1.37016	0
1790.5	1.37016	0
1791	1.37016	0
1791.5	1.37015	0
1792	1.37015	0
1792.5	1.37015	0
1793	1.37015	0
1793.5	1.37015	0
1794	1.37014	0
1794.5	1.37014	0
1795	1.37014	0
1795.5	1.37014	0
1796	1.37014	0
1796.5	1.37013	0
1797	1.37013	0
1797.5	1.37013	0
1798	1.37013	0
1798.5	1.37013	0
1799	1.37012	0
1799.5	1.37012	0
1800	1.37012	0
1800.5	1.37012	0
1801	1.37012	0
1801.5	1.37011	0
1802	1.37011	0
1802.5	1.37011	0
1803	1.37011	0
1803.5	1.37011	0
1804	1.3701	0
1804.5	1.3701	0
1805	1.3701	0
1805.5	1.3701	0
1806	1.3701	0
1806.5	1.37009	0
1807	1.37009	0
1807.5	1.37009	0
1808	1.37009	0
1808.5	1.37009	0
1809	1.37008	0
1809.5	1.37008	0
1810	1.37008	0
1810.5	1.37008	0
1811	1.37008	0
1811.5	1.37007	0
1812	1.37007	0
1812.5	1.37007	0
1813	1.37007	0
1813.5	1.37007	0
1814	1.37006	0
1814.5	1.37006	0
1815	1.37006	0
1815.5	1.37006	0
1816	1.37006	0
1816.5	1.37005	0
1817	1.37005	0
1817.5	1.37005	0
1818	1.37005	0
1818.5	1.37005	0
1819	1.37004	0
1819.5	1.37004	0
1820	1.37004	0
1820.5	1.37004	0
1821	1.37004	0
1821.5	1.37003	0
1822	1.37003	0
1822.5	1.37003	0
1823	1.37003	0
1823.5	1.37003	0
1824	1.37002	0
1824.5	1.37002	0
1825	1.37002	0
1825.5	1.37002	0
1826	1.37002	0
1826.5	1.37001	0
1827	1.37001	0
1827.5	1.37001	0
1828	1.37001	0
1828.5	1.37001	0
1829	1.37	0
1829.5	1.37	0
1830	1.37	0
1830.5	1.37	0
1831	1.37	0
1831.5	1.36999	0
1832	1.36999	0
1832.5	1.36999	0
1833	1.36999	0
1833.5	1.36999	0
1834	1.36998	0
1834.5	1.36998	0
1835	1.36998	0
1835.5	1.36998	0
1836	1.36998	0
1836.5	1.36997	0
1837	1.36997	0
1837.5	1.36997	0
1838	1.36997	0
1838.5	1.36997	0
1839	1.36996	0
1839.5	1.36996	0
1840	1.36996	0
1840.5	1.36996	0
1841	1.36996	0
1841.5	1.36995	0
1842	1.36995	0
1842.5	1.36995	0
1843	1.36995	0
1843.5	1.36995	0
1844	1.36994	0
1844.5	1.36994	0
1845	1.36994	0
1845.5	1.36994	0
1846	1.36994	0
1846.5	1.36993	0
1847	1.36993	0
1847.5	1.36993	0
1848	1.36993	0
1848.5	1.36993	0
1849	1.36992	0
1849.5	1.36992	0
1850	1.36992	0
1850.5	1.36992	0
1851	1.36992	0
1851.5	1.36991	0
1852	1.36991	0
1852.5	1.36991	0
1853	1.36991	0
1853.5	1.36991	0
1854	1.3699	0
1854.5	1.3699	0
1855	1.3699	0
1855.5	1.3699	0
1856	1.3699	0
1856.5	1.36989	0
1857	1.36989	0
1857.5	1.36989	0
1858	1.36989	0
1858.5	1.36989	0
1859	1.36988	0
1859.5	1.36988	0
1860	1.36988	0
1860.5	1.36988	0
1861	1.36988	0
1861.5	1.36987	0
1862	1.36987	0
1862.5	1.36987	0
1863	1.36987	0
1863.5	1.36987	0
1864	1.36986	0
1864.5	1.36986	0
1865	1.36986	0
1865.5	1.36986	0
1866	1.36986	0
1866.5	1.36985	0
1867	1.36985	0
1867.5	1.36985	0
1868	1.36985	0
1868.5	1.36985	0
1869	1.36984	0
1869.5	1.36984	0
1870	1.36984	0
1870.5	1.36984	0
1871	1.36984	0
1871.5	1.36983	0
1872	1.36983	0
1872.5	1.36983	0
1873	1.36983	0
1873.5	1.36983	0
1874	1.36982	0
1874.5	1.36982	0
1875	1.36982	0
1875.5	1.36982	0
1876	1.36982	0
1876.5	1.36981	0
1877	1.36981	0
1877.5	1.36981	0
1878	1.36981	0
1878.5	1.36981	0
1879	1.3698	0
1879.5	1.3698	0
1880	1.3698	0
1880.5	1.3698	0
1881	1.3698	0
1881.5	1.36979	0
1882	1.36979	0
1882.5	1.36979	0
1883	1.36979	0
1883.5	1.36979	0
1884	1.36978	0
1884.5	1.36978	0
1885	1.36978	0
1885.5	1.36978	0
1886	1.36978	0
1886.5	1.36977	0
1887	1.36977	0
1887.5	1.36977	0
1888	1.36977	0
1888.5	1.36977	0
1889	1.36976	0
1889.5	1.36976	0
1890	1.36976	0
1890.5	1.36976	0
1891	1.36976	0
1891.5	1.36975	0
1892	1.36975	0
1892.5	1.36975	0
1893	1.36975	0
1893.5	1.36975	0
1894	1.36974	0
1894.5	1.36974	0
1895	1.36974	0
1895.5	1.36974	0
1896	1.36974	0
1896.5	1.36973	0
1897	1.36973	0
1897.5	1.36973	0
1898	1.36973	0
1898.5	1.36973	0
1899	1.36972	0
1899.5	1.36972	0
1900	1.36972	0
1900.5	1.36972	0
1901	1.36972	0
1901.5	1.36971	0
1902	1.36971	0
1902.5	1.36971	0
1903	1.36971	0
1903.5	1.36971	0
1904	1.3697	0
1904.5	1.3697	0
1905	1.3697	0
1905.5	1.3697	0
1906	1.3697	0
1906.5	1.36969	0
1907	1.36969	0
1907.5	1.36969	0
1908	1.36969	0
1908.5	1.36969	0
1909	1.36968	0
1909.5	1.36968	0
1910	1.36968	0
1910.5	1.36968	0
1911	1.36968	0
1911.5	1.36967	0
1912	1.36967	0
1912.5	1.36967	0
1913	1.36967	0
1913.5	1.36967	0
1914	1.36966	0
1914.5	1.36966	0
1915	1.36966	0
1915.5	1.36966	0
1916	1.36966	0
1916.5	1.36965	0
1917	1.36965	0
1917.5	1.36965	0
1918	1.36965	0
1918.5	1.36965	0
1919	1.36964	0
1919.5	1.36964	0
1920	1.36964	0
1920.5	1.36964	0
1921	1.36964	0
1921.5	1.36963	0
1922	1.36963	0
1922.5	1.36963	0
1923	1.36963	0
1923.5	1.36963	0
1924	1.36962	0
1924.5	1.36962	0
1925	1.36962	0
1925.5	1.36962	0
1926	1.36962	0
1926.5	1.36961	0
1927	1.36961	0
1927.5	1.36961	0
1928	1.36961	0
1928.5	1.36961	0
1929	1.3696	0
1929.5	1.3696	0
1930	1.3696	0
1930.5	1.3696	0
1931	1.3696	0
1931.5	1.36959	0
1932	1.36959	0
1932.5	1.36959	0
1933	1.36959	0
1933.5	1.36959	0
1934	1.36958	0
1934.5	1.36958	0
1935	1.36958	0
1935.5	1.36958	0
1936	1.36958	0
1936.5	1.36957	0
1937	1.36957	0
1937.5	1.36957	0
1938	1.36957	0
1938.5	1.36957	0
1939	1.36956	0
1939.5	1.36956	0
1940	1.36956	0
1940.5	1.36956	0
1941	1.36956	0
1941.5	1.36955	0
1942	1.36955	0
1942.5	1.36955	0
1943	1.36955	0
1943.5	1.36955	0
1944	1.36954	0
1944.5	1.36954	0
1945	1.36954	0
1945.5	1.36954	0
1946	1.36954	0
1946.5	1.36953	0
1947	1.36953	0
1947.5	1.36953	0
1948	1.36953	0
1948.5	1.36953	0
1949	1.36952	0
1949.5	1.36952	0
1950	1.36952	0
1950.5	1.36952	0
1951	1.36952	0
1951.5	1.36951	0
1952	1.36951	0
1952.5	1.36951	0
1953	1.36951	0
1953.5	1.36951	0
1954	1.3695	0
1954.5	1.3695	0
1955	1.3695	0
1955.5	1.3695	0
1956	1.3695	0
1956.5	1.36949	0
1957	1.36949	0
1957.5	1.36949	0
1958	1.36949	0
1958.5	1.36949	0
1959	1.36948	0
1959.5	1.36948	0
1960	1.36948	0
1960.5	1.36948	0
1961	1.36948	0
1961.5	1.36947	0
1962	1.36947	0
1962.5	1.36947	0
1963	1.36947	0
1963.5	1.36947	0
1964	1.36946	0
1964.5	1.36946	0
1965	1.36946	0
1965.5	1.36946	0
1966	1.36946	0
1966.5	1.36945	0
1967	1.36945	0
1967.5	1.36945	0
1968	1.36945	0
1968.5	1.36945	0
1969	1.36944	0
1969.5	1.36944	0
1970	1.36944	0
1970.5	1.36944	0
1971	1.36944	0
1971.5	1.36943	0
1972	1.36943	0
1972.5	1.36943	0
1973	1.36943	0
1973.5	1.36943	0
1974	1.36942	0
1974.5	1.36942	0
1975	1.36942	0
1975.5	1.36942	0
1976	1.36942	0
1976.5	1.36941	0
1977	1.36941	0
1977.5	1.36941	0
1978	1.36941	0
1978.5	1.36941	0
1979	1.3694	0
1979.5	1.3694	0
1980	1.3694	0
1980.5	1.3694	0
1981	1.3694	0
1981.5	1.36939	0
1982	1.36939	0
1982.5	1.36939	0
1983	1.36939	0
1983.5	1.36939	0
1984	1.36938	0
1984.5	1.36938	0
1985	1.36938	0
1985.5	1.36938	0
1986	1.36938	0
1986.5	1.36937	0
1987	1.36937	0
1987.5	1.36937	0
1988	1.36937	0
1988.5	1.36937	0
1989	1.36936	0
1989.5	1.36936	0
1990	1.36936	0
1990.5	1.36936	0
1991	1.36936	0
1991.5	1.36935	0
1992	1.36935	0
1992.5	1.36935	0
1993	1.36935	0
1993.5	1.36935	0
1994	1.36934	0
1994.5	1.36934	0
1995	1.36934	0
1995.5	1.36934	0
1996	1.36934	0
1996.5	1.36933	0
1997	1.36933	0
1997.5	1.36933	0
1998	1.36933	0
1998.5	1.36933	0
1999	1.36932	0
1999.5	1.36932	0
2000	1.36932	0