280	2.84	5.2
280.5	2.91	5.2
281	2.97	5.21
281.5	3.04	5.21
282	3.11	5.22
282.5	3.18	5.23
283	3.24	5.23
283.5	3.31	5.24
284	3.38	5.24
284.5	3.45	5.25
285	3.51	5.25
285.5	3.58	5.26
286	3.65	5.27
286.5	3.71	5.27
287	3.78	5.28
287.5	3.85	5.28
288	3.92	5.29
288.5	3.98	5.29
289	4.05	5.3
289.5	4.12	5.31
290	4.18	5.31
290.5	4.23	5.26
291	4.27	5.21
291.5	4.31	5.16
292	4.36	5.11
292.5	4.4	5.06
293	4.44	5.01
293.5	4.49	4.95
294	4.53	4.9
294.5	4.57	4.85
295	4.62	4.8
295.5	4.66	4.75
296	4.7	4.7
296.5	4.75	4.65
297	4.79	4.6
297.5	4.83	4.55
298	4.88	4.49
298.5	4.92	4.44
299	4.96	4.39
299.5	5.01	4.34
300	5.05	4.29
300.5	5.05	4.26
301	5.05	4.22
301.5	5.06	4.19
302	5.06	4.16
302.5	5.06	4.12
303	5.06	4.09
303.5	5.06	4.06
304	5.07	4.02
304.5	5.07	3.99
305	5.07	3.96
305.5	5.07	3.92
306	5.07	3.89
306.5	5.08	3.86
307	5.08	3.82
307.5	5.08	3.79
308	5.08	3.76
308.5	5.08	3.72
309	5.09	3.69
309.5	5.09	3.66
310	5.09	3.62
310.5	5.09	3.61
311	5.09	3.59
311.5	5.09	3.57
312	5.09	3.56
312.5	5.09	3.54
313	5.09	3.52
313.5	5.09	3.5
314	5.09	3.49
314.5	5.09	3.47
315	5.09	3.45
315.5	5.09	3.44
316	5.09	3.42
316.5	5.09	3.4
317	5.09	3.38
317.5	5.09	3.37
318	5.09	3.35
318.5	5.09	3.33
319	5.09	3.32
319.5	5.09	3.3
320	5.09	3.28
320.5	5.09	3.27
321	5.09	3.26
321.5	5.09	3.25
322	5.09	3.24
322.5	5.1	3.24
323	5.1	3.23
323.5	5.1	3.22
324	5.1	3.21
324.5	5.11	3.2
325	5.11	3.19
325.5	5.11	3.18
326	5.12	3.17
326.5	5.12	3.16
327	5.12	3.15
327.5	5.12	3.14
328	5.13	3.13
328.5	5.13	3.12
329	5.13	3.11
329.5	5.13	3.1
330	5.13	3.09
330.5	5.14	3.09
331	5.15	3.08
331.5	5.15	3.07
332	5.16	3.07
332.5	5.16	3.06
333	5.17	3.05
333.5	5.17	3.05
334	5.18	3.04
334.5	5.18	3.03
335	5.19	3.03
335.5	5.2	3.02
336	5.2	3.01
336.5	5.21	3
337	5.21	3
337.5	5.22	2.99
338	5.22	2.98
338.5	5.23	2.98
339	5.23	2.97
339.5	5.24	2.96
340	5.25	2.96
340.5	5.25	2.95
341	5.26	2.95
341.5	5.27	2.95
342	5.28	2.95
342.5	5.29	2.94
343	5.3	2.94
343.5	5.31	2.94
344	5.32	2.94
344.5	5.33	2.94
345	5.33	2.93
345.5	5.34	2.93
346	5.35	2.93
346.5	5.36	2.93
347	5.37	2.92
347.5	5.38	2.92
348	5.39	2.92
348.5	5.4	2.92
349	5.41	2.91
349.5	5.41	2.91
350	5.42	2.91
350.5	5.45	2.91
351	5.47	2.91
351.5	5.5	2.91
352	5.52	2.91
352.5	5.55	2.91
353	5.57	2.91
353.5	5.59	2.91
354	5.62	2.91
354.5	5.64	2.91
355	5.67	2.91
355.5	5.69	2.91
356	5.72	2.91
356.5	5.74	2.91
357	5.77	2.91
357.5	5.79	2.91
358	5.82	2.91
358.5	5.84	2.91
359	5.86	2.91
359.5	5.89	2.91
360	5.91	2.91
360.5	5.96	2.87
361	6	2.84
361.5	6.05	2.8
362	6.1	2.76
362.5	6.14	2.72
363	6.19	2.68
363.5	6.23	2.64
364	6.28	2.6
364.5	6.32	2.57
365	6.37	2.53
365.5	6.41	2.49
366	6.46	2.45
366.5	6.5	2.41
367	6.55	2.37
367.5	6.59	2.33
368	6.64	2.29
368.5	6.68	2.26
369	6.73	2.22
369.5	6.77	2.18
370	6.82	2.14
370.5	6.81	2.08
371	6.8	2.02
371.5	6.79	1.97
372	6.77	1.91
372.5	6.76	1.85
373	6.75	1.79
373.5	6.74	1.74
374	6.73	1.68
374.5	6.72	1.62
375	6.7	1.56
375.5	6.69	1.5
376	6.68	1.45
376.5	6.67	1.39
377	6.66	1.33
377.5	6.65	1.27
378	6.63	1.22
378.5	6.62	1.16
379	6.61	1.1
379.5	6.6	1.04
380	6.59	0.98
380.5	6.56	0.96
381	6.53	0.94
381.5	6.5	0.91
382	6.47	0.89
382.5	6.45	0.86
383	6.42	0.84
383.5	6.39	0.82
384	6.36	0.79
384.5	6.33	0.77
385	6.31	0.74
385.5	6.28	0.72
386	6.25	0.7
386.5	6.22	0.67
387	6.19	0.65
387.5	6.17	0.62
388	6.14	0.6
388.5	6.11	0.58
389	6.08	0.55
389.5	6.05	0.53
390	6.03	0.5
390.5	6	0.49
391	5.98	0.49
391.5	5.96	0.48
392	5.94	0.47
392.5	5.92	0.46
393	5.9	0.45
393.5	5.88	0.44
394	5.86	0.43
394.5	5.84	0.42
395	5.82	0.41
395.5	5.8	0.41
396	5.78	0.4
396.5	5.76	0.39
397	5.74	0.38
397.5	5.72	0.37
398	5.7	0.36
398.5	5.68	0.35
399	5.66	0.34
399.5	5.64	0.34
400	5.62	0.33
400.5	5.61	0.32
401	5.59	0.32
401.5	5.58	0.31
402	5.57	0.31
402.5	5.55	0.31
403	5.54	0.3
403.5	5.52	0.3
404	5.51	0.29
404.5	5.5	0.29
405	5.48	0.28
405.5	5.47	0.28
406	5.45	0.28
406.5	5.44	0.27
407	5.43	0.27
407.5	5.41	0.26
408	5.4	0.26
408.5	5.38	0.25
409	5.37	0.25
409.5	5.36	0.25
410	5.34	0.24
410.5	5.33	0.24
411	5.32	0.23
411.5	5.31	0.23
412	5.29	0.23
412.5	5.28	0.23
413	5.27	0.22
413.5	5.26	0.22
414	5.25	0.22
414.5	5.24	0.21
415	5.23	0.21
415.5	5.21	0.21
416	5.2	0.2
416.5	5.19	0.2
417	5.18	0.2
417.5	5.17	0.19
418	5.16	0.19
418.5	5.14	0.19
419	5.13	0.18
419.5	5.12	0.18
420	5.11	0.18
420.5	5.1	0.17
421	5.09	0.17
421.5	5.08	0.17
422	5.07	0.17
422.5	5.07	0.17
423	5.06	0.17
423.5	5.05	0.16
424	5.04	0.16
424.5	5.03	0.16
425	5.02	0.16
425.5	5.01	0.16
426	5	0.15
426.5	4.99	0.15
427	4.99	0.15
427.5	4.98	0.15
428	4.97	0.15
428.5	4.96	0.14
429	4.95	0.14
429.5	4.94	0.14
430	4.93	0.14
430.5	4.92	0.14
431	4.92	0.14
431.5	4.91	0.13
432	4.9	0.13
432.5	4.9	0.13
433	4.89	0.13
433.5	4.88	0.13
434	4.88	0.13
434.5	4.87	0.13
435	4.86	0.12
435.5	4.85	0.12
436	4.85	0.12
436.5	4.84	0.12
437	4.83	0.12
437.5	4.83	0.12
438	4.82	0.12
438.5	4.81	0.12
439	4.8	0.11
439.5	4.8	0.11
440	4.79	0.11
440.5	4.78	0.11
441	4.78	0.11
441.5	4.77	0.11
442	4.77	0.11
442.5	4.76	0.11
443	4.75	0.11
443.5	4.75	0.11
444	4.74	0.11
444.5	4.74	0.1
445	4.73	0.1
445.5	4.73	0.1
446	4.72	0.1
446.5	4.71	0.1
447	4.71	0.1
447.5	4.7	0.1
448	4.7	0.1
448.5	4.69	0.1
449	4.68	0.1
449.5	4.68	0.1
450	4.67	0.1
450.5	4.67	0.09
451	4.66	0.09
451.5	4.66	0.09
452	4.65	0.09
452.5	4.65	0.09
453	4.64	0.09
453.5	4.64	0.09
454	4.63	0.09
454.5	4.63	0.09
455	4.62	0.09
455.5	4.62	0.09
456	4.61	0.09
456.5	4.61	0.08
457	4.6	0.08
457.5	4.6	0.08
458	4.59	0.08
458.5	4.59	0.08
459	4.58	0.08
459.5	4.58	0.08
460	4.57	0.08
460.5	4.57	0.08
461	4.56	0.08
461.5	4.56	0.08
462	4.55	0.08
462.5	4.55	0.08
463	4.55	0.08
463.5	4.54	0.08
464	4.54	0.08
464.5	4.53	0.08
465	4.53	0.07
465.5	4.52	0.07
466	4.52	0.07
466.5	4.52	0.07
467	4.51	0.07
467.5	4.51	0.07
468	4.5	0.07
468.5	4.5	0.07
469	4.49	0.07
469.5	4.49	0.07
470	4.49	0.07
470.5	4.48	0.07
471	4.48	0.07
471.5	4.47	0.07
472	4.47	0.07
472.5	4.47	0.07
473	4.46	0.07
473.5	4.46	0.07
474	4.46	0.07
474.5	4.45	0.07
475	4.45	0.07
475.5	4.44	0.06
476	4.44	0.06
476.5	4.44	0.06
477	4.43	0.06
477.5	4.43	0.06
478	4.43	0.06
478.5	4.42	0.06
479	4.42	0.06
479.5	4.42	0.06
480	4.41	0.06
480.5	4.41	0.06
481	4.41	0.06
481.5	4.4	0.06
482	4.4	0.06
482.5	4.4	0.06
483	4.39	0.06
483.5	4.39	0.06
484	4.39	0.06
484.5	4.38	0.06
485	4.38	0.06
485.5	4.38	0.06
486	4.37	0.06
486.5	4.37	0.06
487	4.37	0.06
487.5	4.36	0.06
488	4.36	0.06
488.5	4.36	0.05
489	4.36	0.05
489.5	4.35	0.05
490	4.35	0.05
490.5	4.35	0.05
491	4.34	0.05
491.5	4.34	0.05
492	4.34	0.05
492.5	4.33	0.05
493	4.33	0.05
493.5	4.33	0.05
494	4.33	0.05
494.5	4.32	0.05
495	4.32	0.05
495.5	4.32	0.05
496	4.31	0.05
496.5	4.31	0.05
497	4.31	0.05
497.5	4.3	0.05
498	4.3	0.05
498.5	4.3	0.05
499	4.29	0.05
499.5	4.29	0.05
500	4.29	0.05
500.5	4.29	0.05
501	4.28	0.05
501.5	4.28	0.05
502	4.28	0.05
502.5	4.28	0.05
503	4.27	0.05
503.5	4.27	0.05
504	4.27	0.05
504.5	4.26	0.05
505	4.26	0.05
505.5	4.26	0.05
506	4.26	0.05
506.5	4.25	0.05
507	4.25	0.05
507.5	4.25	0.05
508	4.25	0.04
508.5	4.24	0.04
509	4.24	0.04
509.5	4.24	0.04
510	4.24	0.04
510.5	4.23	0.04
511	4.23	0.04
511.5	4.23	0.04
512	4.23	0.04
512.5	4.22	0.04
513	4.22	0.04
513.5	4.22	0.04
514	4.22	0.04
514.5	4.21	0.04
515	4.21	0.04
515.5	4.21	0.04
516	4.21	0.04
516.5	4.2	0.04
517	4.2	0.04
517.5	4.2	0.04
518	4.2	0.04
518.5	4.19	0.04
519	4.19	0.04
519.5	4.19	0.04
520	4.19	0.04
520.5	4.18	0.04
521	4.18	0.04
521.5	4.18	0.04
522	4.18	0.04
522.5	4.18	0.04
523	4.17	0.04
523.5	4.17	0.04
524	4.17	0.04
524.5	4.17	0.04
525	4.17	0.04
525.5	4.16	0.04
526	4.16	0.04
526.5	4.16	0.04
527	4.16	0.04
527.5	4.16	0.04
528	4.15	0.04
528.5	4.15	0.04
529	4.15	0.04
529.5	4.15	0.04
530	4.14	0.03
530.5	4.14	0.03
531	4.14	0.03
531.5	4.14	0.03
532	4.14	0.03
532.5	4.13	0.03
533	4.13	0.03
533.5	4.13	0.03
534	4.13	0.03
534.5	4.13	0.03
535	4.12	0.03
535.5	4.12	0.03
536	4.12	0.03
536.5	4.12	0.03
537	4.12	0.03
537.5	4.11	0.03
538	4.11	0.03
538.5	4.11	0.03
539	4.11	0.03
539.5	4.11	0.03
540	4.1	0.03
540.5	4.1	0.03
541	4.1	0.03
541.5	4.1	0.03
542	4.1	0.03
542.5	4.1	0.03
543	4.09	0.03
543.5	4.09	0.03
544	4.09	0.03
544.5	4.09	0.03
545	4.09	0.03
545.5	4.09	0.03
546	4.09	0.03
546.5	4.08	0.03
547	4.08	0.03
547.5	4.08	0.03
548	4.08	0.03
548.5	4.08	0.03
549	4.08	0.03
549.5	4.07	0.03
550	4.07	0.03
550.5	4.07	0.03
551	4.07	0.03
551.5	4.07	0.03
552	4.07	0.03
552.5	4.06	0.03
553	4.06	0.03
553.5	4.06	0.03
554	4.06	0.03
554.5	4.06	0.03
555	4.06	0.03
555.5	4.05	0.03
556	4.05	0.03
556.5	4.05	0.03
557	4.05	0.03
557.5	4.05	0.03
558	4.04	0.03
558.5	4.04	0.03
559	4.04	0.03
559.5	4.04	0.03
560	4.04	0.03
560.5	4.04	0.03
561	4.03	0.03
561.5	4.03	0.03
562	4.03	0.03
562.5	4.03	0.03
563	4.03	0.03
563.5	4.03	0.03
564	4.03	0.03
564.5	4.02	0.03
565	4.02	0.03
565.5	4.02	0.03
566	4.02	0.02
566.5	4.02	0.02
567	4.02	0.02
567.5	4.01	0.02
568	4.01	0.02
568.5	4.01	0.02
569	4.01	0.02
569.5	4.01	0.02
570	4.01	0.02
570.5	4	0.02
571	4	0.02
571.5	4	0.02
572	4	0.02
572.5	4	0.02
573	4	0.02
573.5	4	0.02
574	3.99	0.02
574.5	3.99	0.02
575	3.99	0.02
575.5	3.99	0.02
576	3.99	0.02
576.5	3.99	0.02
577	3.99	0.02
577.5	3.98	0.02
578	3.98	0.02
578.5	3.98	0.02
579	3.98	0.02
579.5	3.98	0.02
580	3.98	0.02
580.5	3.98	0.02
581	3.97	0.02
581.5	3.97	0.02
582	3.97	0.02
582.5	3.97	0.02
583	3.97	0.02
583.5	3.97	0.02
584	3.97	0.02
584.5	3.97	0.02
585	3.97	0.02
585.5	3.96	0.02
586	3.96	0.02
586.5	3.96	0.02
587	3.96	0.02
587.5	3.96	0.02
588	3.96	0.02
588.5	3.96	0.02
589	3.96	0.02
589.5	3.96	0.02
590	3.95	0.02
590.5	3.95	0.02
591	3.95	0.02
591.5	3.95	0.02
592	3.95	0.02
592.5	3.95	0.02
593	3.95	0.02
593.5	3.95	0.02
594	3.94	0.02
594.5	3.94	0.02
595	3.94	0.02
595.5	3.94	0.02
596	3.94	0.02
596.5	3.94	0.02
597	3.94	0.02
597.5	3.94	0.02
598	3.94	0.02
598.5	3.93	0.02
599	3.93	0.02
599.5	3.93	0.02
600	3.93	0.02
600.5	3.93	0.02
601	3.93	0.02
601.5	3.93	0.02
602	3.93	0.02
602.5	3.93	0.02
603	3.92	0.02
603.5	3.92	0.02
604	3.92	0.02
604.5	3.92	0.02
605	3.92	0.02
605.5	3.92	0.02
606	3.92	0.02
606.5	3.92	0.02
607	3.91	0.02
607.5	3.91	0.02
608	3.91	0.02
608.5	3.91	0.02
609	3.91	0.02
609.5	3.91	0.02
610	3.91	0.02
610.5	3.91	0.02
611	3.91	0.02
611.5	3.9	0.02
612	3.9	0.02
612.5	3.9	0.02
613	3.9	0.02
613.5	3.9	0.02
614	3.9	0.02
614.5	3.9	0.02
615	3.9	0.02
615.5	3.9	0.02
616	3.9	0.02
616.5	3.9	0.02
617	3.89	0.02
617.5	3.89	0.02
618	3.89	0.02
618.5	3.89	0.02
619	3.89	0.02
619.5	3.89	0.02
620	3.89	0.02
620.5	3.89	0.02
621	3.89	0.02
621.5	3.89	0.02
622	3.88	0.02
622.5	3.88	0.02
623	3.88	0.02
623.5	3.88	0.02
624	3.88	0.02
624.5	3.88	0.02
625	3.88	0.02
625.5	3.88	0.02
626	3.88	0.02
626.5	3.88	0.02
627	3.87	0.02
627.5	3.87	0.02
628	3.87	0.02
628.5	3.87	0.02
629	3.87	0.02
629.5	3.87	0.02
630	3.87	0.02
630.5	3.87	0.02
631	3.87	0.02
631.5	3.87	0.02
632	3.87	0.02
632.5	3.86	0.02
633	3.86	0.02
633.5	3.86	0.02
634	3.86	0.02
634.5	3.86	0.02
635	3.86	0.02
635.5	3.86	0.02
636	3.86	0.02
636.5	3.86	0.02
637	3.86	0.02
637.5	3.86	0.02
638	3.85	0.02
638.5	3.85	0.01
639	3.85	0.01
639.5	3.85	0.01
640	3.85	0.01
640.5	3.85	0.01
641	3.85	0.01
641.5	3.85	0.01
642	3.85	0.01
642.5	3.85	0.01
643	3.85	0.01
643.5	3.85	0.01
644	3.84	0.01
644.5	3.84	0.01
645	3.84	0.01
645.5	3.84	0.01
646	3.84	0.01
646.5	3.84	0.01
647	3.84	0.01
647.5	3.84	0.01
648	3.84	0.01
648.5	3.84	0.01
649	3.84	0.01
649.5	3.84	0.01
650	3.84	0.01
650.5	3.83	0.01
651	3.83	0.01
651.5	3.83	0.01
652	3.83	0.01
652.5	3.83	0.01
653	3.83	0.01
653.5	3.83	0.01
654	3.83	0.01
654.5	3.83	0.01
655	3.83	0.01
655.5	3.83	0.01
656	3.82	0.01
656.5	3.82	0.01
657	3.82	0.01
657.5	3.82	0.01
658	3.82	0.01
658.5	3.82	0.01
659	3.82	0.01
659.5	3.82	0.01
660	3.82	0.01
660.5	3.82	0.01
661	3.82	0.01
661.5	3.82	0.01
662	3.81	0.01
662.5	3.81	0.01
663	3.81	0.01
663.5	3.81	0.01
664	3.81	0.01
664.5	3.81	0.01
665	3.81	0.01
665.5	3.81	0.01
666	3.81	0.01
666.5	3.81	0.01
667	3.81	0.01
667.5	3.81	0.01
668	3.81	0.01
668.5	3.81	0.01
669	3.81	0.01
669.5	3.81	0.01
670	3.81	0.01
670.5	3.8	0.01
671	3.8	0.01
671.5	3.8	0.01
672	3.8	0.01
672.5	3.8	0.01
673	3.8	0.01
673.5	3.8	0.01
674	3.8	0.01
674.5	3.8	0.01
675	3.8	0.01
675.5	3.8	0.01
676	3.8	0.01
676.5	3.8	0.01
677	3.8	0.01
677.5	3.79	0.01
678	3.79	0.01
678.5	3.79	0.01
679	3.79	0.01
679.5	3.79	0.01
680	3.79	0.01
680.5	3.79	0.01
681	3.79	0.01
681.5	3.79	0.01
682	3.79	0.01
682.5	3.79	0.01
683	3.79	0.01
683.5	3.79	0.01
684	3.78	0.01
684.5	3.78	0.01
685	3.78	0.01
685.5	3.78	0.01
686	3.78	0.01
686.5	3.78	0.01
687	3.78	0.01
687.5	3.78	0.01
688	3.78	0.01
688.5	3.78	0.01
689	3.78	0.01
689.5	3.78	0.01
690	3.78	0.01
690.5	3.78	0.01
691	3.77	0.01
691.5	3.77	0.01
692	3.77	0.01
692.5	3.77	0.01
693	3.77	0.01
693.5	3.77	0.01
694	3.77	0.01
694.5	3.77	0.01
695	3.77	0.01
695.5	3.77	0.01
696	3.77	0.01
696.5	3.77	0.01
697	3.77	0.01
697.5	3.77	0.01
698	3.77	0.01
698.5	3.77	0.01
699	3.77	0.01
699.5	3.77	0.01
700	3.77	0.01
700.5	3.76	0.01
701	3.76	0.01
701.5	3.76	0.01
702	3.76	0.01
702.5	3.76	0.01
703	3.76	0.01
703.5	3.76	0.01
704	3.76	0.01
704.5	3.76	0.01
705	3.76	0.01
705.5	3.76	0.01
706	3.76	0.01
706.5	3.76	0.01
707	3.76	0.01
707.5	3.76	0.01
708	3.76	0.01
708.5	3.75	0.01
709	3.75	0.01
709.5	3.75	0.01
710	3.75	0.01
710.5	3.75	0.01
711	3.75	0.01
711.5	3.75	0.01
712	3.75	0.01
712.5	3.75	0.01
713	3.75	0.01
713.5	3.75	0.01
714	3.75	0.01
714.5	3.75	0.01
715	3.75	0.01
715.5	3.75	0.01
716	3.75	0.01
716.5	3.75	0.01
717	3.74	0.01
717.5	3.74	0.01
718	3.74	0.01
718.5	3.74	0.01
719	3.74	0.01
719.5	3.74	0.01
720	3.74	0.01
720.5	3.74	0.01
721	3.74	0.01
721.5	3.74	0.01
722	3.74	0.01
722.5	3.74	0.01
723	3.74	0.01
723.5	3.74	0.01
724	3.74	0.01
724.5	3.74	0.01
725	3.74	0.01
725.5	3.73	0.01
726	3.73	0.01
726.5	3.73	0.01
727	3.73	0.01
727.5	3.73	0.01
728	3.73	0.01
728.5	3.73	0.01
729	3.73	0.01
729.5	3.73	0.01
730	3.73	0.01
730.5	3.73	0.01
731	3.73	0.01
731.5	3.73	0.01
732	3.73	0.01
732.5	3.73	0.01
733	3.73	0.01
733.5	3.73	0.01
734	3.73	0.01
734.5	3.73	0.01
735	3.72	0.01
735.5	3.72	0.01
736	3.72	0.01
736.5	3.72	0.01
737	3.72	0.01
737.5	3.72	0.01
738	3.72	0.01
738.5	3.72	0.01
739	3.72	0.01
739.5	3.72	0.01
740	3.72	0.01
740.5	3.72	0.01
741	3.72	0.01
741.5	3.72	0.01
742	3.72	0.01
742.5	3.72	0.01
743	3.72	0.01
743.5	3.72	0.01
744	3.72	0.01
744.5	3.72	0.01
745	3.72	0.01
745.5	3.72	0.01
746	3.71	0.01
746.5	3.71	0.01
747	3.71	0.01
747.5	3.71	0.01
748	3.71	0.01
748.5	3.71	0.01
749	3.71	0.01
749.5	3.71	0.01
750	3.71	0.01
750.5	3.71	0.01
751	3.71	0.01
751.5	3.71	0.01
752	3.71	0.01
752.5	3.71	0.01
753	3.71	0.01
753.5	3.71	0.01
754	3.71	0.01
754.5	3.71	0.01
755	3.71	0.01
755.5	3.71	0.01
756	3.71	0.01
756.5	3.7	0.01
757	3.7	0.01
757.5	3.7	0.01
758	3.7	0.01
758.5	3.7	0.01
759	3.7	0.01
759.5	3.7	0.01
760	3.7	0.01
760.5	3.7	0.01
761	3.7	0.01
761.5	3.7	0.01
762	3.7	0.01
762.5	3.7	0.01
763	3.7	0.01
763.5	3.7	0.01
764	3.7	0.01
764.5	3.7	0.01
765	3.7	0.01
765.5	3.7	0.01
766	3.7	0.01
766.5	3.7	0.01
767	3.7	0.01
767.5	3.7	0.01
768	3.69	0.01
768.5	3.69	0.01
769	3.69	0.01
769.5	3.69	0.01
770	3.69	0.01
770.5	3.69	0.01
771	3.69	0.01
771.5	3.69	0.01
772	3.69	0.01
772.5	3.69	0.01
773	3.69	0.01
773.5	3.69	0.01
774	3.69	0.01
774.5	3.69	0.01
775	3.69	0.01
775.5	3.69	0.01
776	3.69	0.01
776.5	3.69	0.01
777	3.69	0.01
777.5	3.69	0.01
778	3.69	0.01
778.5	3.69	0.01
779	3.68	0.01
779.5	3.68	0.01
780	3.68	0.01
780.5	3.68	0.01
781	3.68	0.01
781.5	3.68	0.01
782	3.68	0.01
782.5	3.68	0.01
783	3.68	0.01
783.5	3.68	0.01
784	3.68	0.01
784.5	3.68	0.01
785	3.68	0.01
785.5	3.68	0.01
786	3.68	0.01
786.5	3.68	0.01
787	3.68	0.01
787.5	3.68	0.01
788	3.68	0.01
788.5	3.68	0.01
789	3.68	0.01
789.5	3.68	0.01
790	3.68	0.01
790.5	3.68	0.01
791	3.68	0.01
791.5	3.68	0.01
792	3.68	0.01
792.5	3.67	0.01
793	3.67	0.01
793.5	3.67	0.01
794	3.67	0.01
794.5	3.67	0.01
795	3.67	0.01
795.5	3.67	0.01
796	3.67	0.01
796.5	3.67	0.01
797	3.67	0.01
797.5	3.67	0.01
798	3.67	0.01
798.5	3.67	0.01
799	3.67	0.01
799.5	3.67	0.01
800	3.67	0.01
800.5	3.67	0.01
801	3.67	0.01
801.5	3.67	0.01
802	3.67	0.01
802.5	3.67	0.01
803	3.67	0.01
803.5	3.67	0.01
804	3.67	0.01
804.5	3.67	0.01
805	3.67	0.01
805.5	3.67	0.01
806	3.66	0.01
806.5	3.66	0.01
807	3.66	0
807.5	3.66	0
808	3.66	0
808.5	3.66	0
809	3.66	0
809.5	3.66	0
810	3.66	0
810.5	3.66	0
811	3.66	0
811.5	3.66	0
812	3.66	0
812.5	3.66	0
813	3.66	0
813.5	3.66	0
814	3.66	0
814.5	3.66	0
815	3.66	0
815.5	3.66	0
816	3.66	0
816.5	3.66	0
817	3.66	0
817.5	3.66	0
818	3.66	0
818.5	3.66	0
819	3.66	0
819.5	3.66	0
820	3.65	0
820.5	3.65	0
821	3.65	0
821.5	3.65	0
822	3.65	0
822.5	3.65	0
823	3.65	0
823.5	3.65	0
824	3.65	0
824.5	3.65	0
825	3.65	0
825.5	3.65	0
826	3.65	0
826.5	3.65	0
827	3.65	0
827.5	3.65	0
828	3.65	0
828.5	3.65	0
829	3.65	0
829.5	3.65	0
830	3.65	0
830.5	3.65	0
831	3.65	0
831.5	3.65	0
832	3.65	0
832.5	3.64	0
833	3.64	0
833.5	3.64	0
834	3.64	0
834.5	3.64	0
835	3.64	0
835.5	3.64	0
836	3.64	0
836.5	3.64	0
837	3.64	0
837.5	3.64	0
838	3.64	0
838.5	3.64	0
839	3.64	0
839.5	3.64	0
840	3.64	0
840.5	3.64	0
841	3.64	0
841.5	3.64	0
842	3.64	0
842.5	3.64	0
843	3.64	0
843.5	3.64	0
844	3.64	0
844.5	3.64	0
845	3.64	0
845.5	3.64	0
846	3.64	0
846.5	3.64	0
847	3.64	0
847.5	3.64	0
848	3.64	0
848.5	3.64	0
849	3.64	0
849.5	3.64	0
850	3.64	0
850.5	3.64	0
851	3.64	0
851.5	3.63	0
852	3.63	0
852.5	3.63	0
853	3.63	0
853.5	3.63	0
854	3.63	0
854.5	3.63	0
855	3.63	0
855.5	3.63	0
856	3.63	0
856.5	3.63	0
857	3.63	0
857.5	3.63	0
858	3.63	0
858.5	3.63	0
859	3.63	0
859.5	3.63	0
860	3.63	0
860.5	3.63	0
861	3.63	0
861.5	3.63	0
862	3.63	0
862.5	3.63	0
863	3.63	0
863.5	3.63	0
864	3.63	0
864.5	3.63	0
865	3.63	0
865.5	3.62	0
866	3.62	0
866.5	3.62	0
867	3.62	0
867.5	3.62	0
868	3.62	0
868.5	3.62	0
869	3.62	0
869.5	3.62	0
870	3.62	0
870.5	3.62	0
871	3.62	0
871.5	3.62	0
872	3.62	0
872.5	3.62	0
873	3.62	0
873.5	3.62	0
874	3.62	0
874.5	3.62	0
875	3.62	0
875.5	3.62	0
876	3.62	0
876.5	3.62	0
877	3.62	0
877.5	3.62	0
878	3.62	0
878.5	3.62	0
879	3.62	0
879.5	3.62	0
880	3.62	0
880.5	3.62	0
881	3.62	0
881.5	3.62	0
882	3.62	0
882.5	3.62	0
883	3.62	0
883.5	3.62	0
884	3.62	0
884.5	3.62	0
885	3.62	0
885.5	3.61	0
886	3.61	0
886.5	3.61	0
887	3.61	0
887.5	3.61	0
888	3.61	0
888.5	3.61	0
889	3.61	0
889.5	3.61	0
890	3.61	0
890.5	3.61	0
891	3.61	0
891.5	3.61	0
892	3.61	0
892.5	3.61	0
893	3.61	0
893.5	3.61	0
894	3.61	0
894.5	3.61	0
895	3.61	0
895.5	3.61	0
896	3.61	0
896.5	3.61	0
897	3.61	0
897.5	3.61	0
898	3.61	0
898.5	3.61	0
899	3.61	0
899.5	3.61	0
900	3.61	0
900.5	3.61	0
901	3.61	0
901.5	3.61	0
902	3.61	0
902.5	3.61	0
903	3.61	0
903.5	3.61	0
904	3.61	0
904.5	3.61	0
905	3.61	0
905.5	3.61	0
906	3.61	0
906.5	3.61	0
907	3.61	0
907.5	3.61	0
908	3.61	0
908.5	3.6	0
909	3.6	0
909.5	3.6	0
910	3.6	0
910.5	3.6	0
911	3.6	0
911.5	3.6	0
912	3.6	0
912.5	3.6	0
913	3.6	0
913.5	3.6	0
914	3.6	0
914.5	3.6	0
915	3.6	0
915.5	3.6	0
916	3.6	0
916.5	3.6	0
917	3.6	0
917.5	3.6	0
918	3.6	0
918.5	3.6	0
919	3.6	0
919.5	3.6	0
920	3.6	0
920.5	3.6	0
921	3.6	0
921.5	3.6	0
922	3.6	0
922.5	3.6	0
923	3.6	0
923.5	3.6	0
924	3.6	0
924.5	3.6	0
925	3.6	0
925.5	3.6	0
926	3.6	0
926.5	3.6	0
927	3.6	0
927.5	3.6	0
928	3.6	0
928.5	3.6	0
929	3.6	0
929.5	3.6	0
930	3.6	0
930.5	3.6	0
931	3.6	0
931.5	3.6	0
932	3.6	0
932.5	3.6	0
933	3.59	0
933.5	3.59	0
934	3.59	0
934.5	3.59	0
935	3.59	0
935.5	3.59	0
936	3.59	0
936.5	3.59	0
937	3.59	0
937.5	3.59	0
938	3.59	0
938.5	3.59	0
939	3.59	0
939.5	3.59	0
940	3.59	0
940.5	3.59	0
941	3.59	0
941.5	3.59	0
942	3.59	0
942.5	3.59	0
943	3.59	0
943.5	3.59	0
944	3.59	0
944.5	3.59	0
945	3.59	0
945.5	3.59	0
946	3.59	0
946.5	3.59	0
947	3.59	0
947.5	3.59	0
948	3.59	0
948.5	3.58	0
949	3.58	0
949.5	3.58	0
950	3.58	0
950.5	3.58	0
951	3.58	0
951.5	3.58	0
952	3.58	0
952.5	3.58	0
953	3.58	0
953.5	3.58	0
954	3.58	0
954.5	3.58	0
955	3.58	0
955.5	3.58	0
956	3.58	0
956.5	3.58	0
957	3.58	0
957.5	3.58	0
958	3.58	0
958.5	3.58	0
959	3.58	0
959.5	3.58	0
960	3.58	0
960.5	3.58	0
961	3.58	0
961.5	3.58	0
962	3.58	0
962.5	3.58	0
963	3.58	0
963.5	3.58	0
964	3.58	0
964.5	3.58	0
965	3.58	0
965.5	3.58	0
966	3.58	0
966.5	3.58	0
967	3.58	0
967.5	3.58	0
968	3.58	0
968.5	3.58	0
969	3.58	0
969.5	3.58	0
970	3.58	0
970.5	3.58	0
971	3.58	0
971.5	3.58	0
972	3.58	0
972.5	3.58	0
973	3.58	0
973.5	3.58	0
974	3.58	0
974.5	3.58	0
975	3.58	0
975.5	3.58	0
976	3.58	0
976.5	3.58	0
977	3.58	0
977.5	3.58	0
978	3.58	0
978.5	3.58	0
979	3.58	0
979.5	3.58	0
980	3.58	0
980.5	3.58	0
981	3.58	0
981.5	3.58	0
982	3.58	0
982.5	3.58	0
983	3.58	0
983.5	3.58	0
984	3.58	0
984.5	3.58	0
985	3.58	0
985.5	3.58	0
986	3.58	0
986.5	3.58	0
987	3.58	0
987.5	3.58	0
988	3.58	0
988.5	3.58	0
989	3.58	0
989.5	3.58	0
990	3.58	0
990.5	3.58	0
991	3.58	0
991.5	3.58	0
992	3.58	0
992.5	3.58	0
993	3.58	0
993.5	3.58	0
994	3.58	0
994.5	3.58	0
995	3.58	0
995.5	3.58	0
996	3.58	0
996.5	3.58	0
997	3.58	0
997.5	3.58	0
998	3.58	0
998.5	3.58	0
999	3.58	0
999.5	3.58	0
1000	3.58	0
1000.5	3.57	0
1001	3.57	0
1001.5	3.57	0
1002	3.57	0
1002.5	3.57	0
1003	3.57	0
1003.5	3.57	0
1004	3.57	0
1004.5	3.57	0
1005	3.57	0
1005.5	3.57	0
1006	3.57	0
1006.5	3.57	0
1007	3.57	0
1007.5	3.57	0
1008	3.57	0
1008.5	3.57	0
1009	3.57	0
1009.5	3.57	0
1010	3.57	0
1010.5	3.57	0
1011	3.57	0
1011.5	3.57	0
1012	3.57	0
1012.5	3.57	0
1013	3.57	0
1013.5	3.57	0
1014	3.57	0
1014.5	3.57	0
1015	3.57	0
1015.5	3.57	0
1016	3.57	0
1016.5	3.57	0
1017	3.57	0
1017.5	3.57	0
1018	3.57	0
1018.5	3.57	0
1019	3.57	0
1019.5	3.57	0
1020	3.57	0
1020.5	3.57	0
1021	3.57	0
1021.5	3.57	0
1022	3.57	0
1022.5	3.57	0
1023	3.57	0
1023.5	3.57	0
1024	3.57	0
1024.5	3.57	0
1025	3.57	0
1025.5	3.57	0
1026	3.57	0
1026.5	3.57	0
1027	3.57	0
1027.5	3.57	0
1028	3.57	0
1028.5	3.57	0
1029	3.57	0
1029.5	3.57	0
1030	3.56	0
1030.5	3.56	0
1031	3.56	0
1031.5	3.56	0
1032	3.56	0
1032.5	3.56	0
1033	3.56	0
1033.5	3.56	0
1034	3.56	0
1034.5	3.56	0
1035	3.56	0
1035.5	3.56	0
1036	3.56	0
1036.5	3.56	0
1037	3.56	0
1037.5	3.56	0
1038	3.56	0
1038.5	3.56	0
1039	3.56	0
1039.5	3.56	0
1040	3.56	0
1040.5	3.56	0
1041	3.56	0
1041.5	3.56	0
1042	3.56	0
1042.5	3.56	0
1043	3.56	0
1043.5	3.56	0
1044	3.56	0
1044.5	3.56	0
1045	3.56	0
1045.5	3.56	0
1046	3.56	0
1046.5	3.56	0
1047	3.56	0
1047.5	3.56	0
1048	3.56	0
1048.5	3.56	0
1049	3.56	0
1049.5	3.56	0
1050	3.56	0
1050.5	3.56	0
1051	3.56	0
1051.5	3.56	0
1052	3.56	0
1052.5	3.56	0
1053	3.56	0
1053.5	3.56	0
1054	3.56	0
1054.5	3.56	0
1055	3.56	0
1055.5	3.56	0
1056	3.56	0
1056.5	3.56	0
1057	3.56	0
1057.5	3.56	0
1058	3.56	0
1058.5	3.56	0
1059	3.56	0
1059.5	3.56	0
1060	3.56	0
1060.5	3.56	0
1061	3.56	0
1061.5	3.56	0
1062	3.56	0
1062.5	3.56	0
1063	3.56	0
1063.5	3.55	0
1064	3.55	0
1064.5	3.55	0
1065	3.55	0
1065.5	3.55	0
1066	3.55	0
1066.5	3.55	0
1067	3.55	0
1067.5	3.55	0
1068	3.55	0
1068.5	3.55	0
1069	3.55	0
1069.5	3.55	0
1070	3.55	0
1070.5	3.55	0
1071	3.55	0
1071.5	3.55	0
1072	3.55	0
1072.5	3.55	0
1073	3.55	0
1073.5	3.55	0
1074	3.55	0
1074.5	3.55	0
1075	3.55	0
1075.5	3.55	0
1076	3.55	0
1076.5	3.55	0
1077	3.55	0
1077.5	3.55	0
1078	3.55	0
1078.5	3.55	0
1079	3.55	0
1079.5	3.55	0
1080	3.55	0
1080.5	3.55	0
1081	3.55	0
1081.5	3.55	0
1082	3.55	0
1082.5	3.55	0
1083	3.55	0
1083.5	3.55	0
1084	3.55	0
1084.5	3.55	0
1085	3.55	0
1085.5	3.55	0
1086	3.55	0
1086.5	3.55	0
1087	3.55	0
1087.5	3.55	0
1088	3.55	0
1088.5	3.55	0
1089	3.55	0
1089.5	3.55	0
1090	3.55	0
1090.5	3.55	0
1091	3.55	0
1091.5	3.55	0
1092	3.55	0
1092.5	3.55	0
1093	3.55	0
1093.5	3.55	0
1094	3.55	0
1094.5	3.55	0
1095	3.55	0
1095.5	3.55	0
1096	3.55	0
1096.5	3.55	0
1097	3.55	0
1097.5	3.55	0
1098	3.55	0
1098.5	3.55	0
1099	3.55	0
1099.5	3.55	0
1100	3.54	0
1100.5	3.54	0
1101	3.54	0
1101.5	3.54	0
1102	3.54	0
1102.5	3.54	0
1103	3.54	0
1103.5	3.54	0
1104	3.54	0
1104.5	3.54	0
1105	3.54	0
1105.5	3.54	0
1106	3.54	0
1106.5	3.54	0
1107	3.54	0
1107.5	3.54	0
1108	3.54	0
1108.5	3.54	0
1109	3.54	0
1109.5	3.54	0
1110	3.54	0
1110.5	3.54	0
1111	3.54	0
1111.5	3.54	0
1112	3.54	0
1112.5	3.54	0
1113	3.54	0
1113.5	3.54	0
1114	3.54	0
1114.5	3.54	0
1115	3.54	0
1115.5	3.54	0
1116	3.54	0
1116.5	3.54	0
1117	3.54	0
1117.5	3.54	0
1118	3.54	0
1118.5	3.54	0
1119	3.54	0
1119.5	3.54	0
1120	3.54	0
1120.5	3.54	0
1121	3.54	0
1121.5	3.54	0
1122	3.54	0
1122.5	3.54	0
1123	3.54	0
1123.5	3.54	0
1124	3.54	0
1124.5	3.54	0
1125	3.54	0
1125.5	3.54	0
1126	3.54	0
1126.5	3.54	0
1127	3.54	0
1127.5	3.54	0
1128	3.54	0
1128.5	3.54	0
1129	3.54	0
1129.5	3.54	0
1130	3.54	0
1130.5	3.54	0
1131	3.54	0
1131.5	3.54	0
1132	3.54	0
1132.5	3.54	0
1133	3.54	0
1133.5	3.54	0
1134	3.54	0
1134.5	3.54	0
1135	3.54	0
1135.5	3.54	0
1136	3.54	0
1136.5	3.54	0
1137	3.53	0
1137.5	3.53	0
1138	3.53	0
1138.5	3.53	0
1139	3.53	0
1139.5	3.53	0
1140	3.53	0
1140.5	3.53	0
1141	3.53	0
1141.5	3.53	0
1142	3.53	0
1142.5	3.53	0
1143	3.53	0
1143.5	3.53	0
1144	3.53	0
1144.5	3.53	0
1145	3.53	0
1145.5	3.53	0
1146	3.53	0
1146.5	3.53	0
1147	3.53	0
1147.5	3.53	0
1148	3.53	0
1148.5	3.53	0
1149	3.53	0
1149.5	3.53	0
1150	3.53	0
1150.5	3.53	0
1151	3.53	0
1151.5	3.53	0
1152	3.53	0
1152.5	3.53	0
1153	3.53	0
1153.5	3.53	0
1154	3.53	0
1154.5	3.53	0
1155	3.53	0
1155.5	3.53	0
1156	3.53	0
1156.5	3.53	0
1157	3.53	0
1157.5	3.53	0
1158	3.53	0
1158.5	3.53	0
1159	3.53	0
1159.5	3.53	0
1160	3.53	0
1160.5	3.53	0
1161	3.53	0
1161.5	3.53	0
1162	3.53	0
1162.5	3.53	0
1163	3.53	0
1163.5	3.53	0
1164	3.53	0
1164.5	3.53	0
1165	3.53	0
1165.5	3.53	0
1166	3.53	0
1166.5	3.53	0
1167	3.53	0
1167.5	3.53	0
1168	3.53	0
1168.5	3.53	0
1169	3.53	0
1169.5	3.53	0
1170	3.53	0
1170.5	3.53	0
1171	3.53	0
1171.5	3.53	0
1172	3.53	0
1172.5	3.53	0
1173	3.53	0
1173.5	3.53	0
1174	3.53	0
1174.5	3.53	0
1175	3.53	0
1175.5	3.53	0
1176	3.53	0
1176.5	3.53	0
1177	3.53	0
1177.5	3.53	0
1178	3.53	0
1178.5	3.53	0
1179	3.53	0
1179.5	3.53	0
1180	3.53	0
1180.5	3.53	0
1181	3.53	0
1181.5	3.53	0
1182	3.53	0
1182.5	3.53	0
1183	3.53	0
1183.5	3.53	0
1184	3.53	0
1184.5	3.53	0
1185	3.52	0
1185.5	3.52	0
1186	3.52	0
1186.5	3.52	0
1187	3.52	0
1187.5	3.52	0
1188	3.52	0
1188.5	3.52	0
1189	3.52	0
1189.5	3.52	0
1190	3.52	0
1190.5	3.52	0
1191	3.52	0
1191.5	3.52	0
1192	3.52	0
1192.5	3.52	0
1193	3.52	0
1193.5	3.52	0
1194	3.52	0
1194.5	3.52	0
1195	3.52	0
1195.5	3.52	0
1196	3.52	0
1196.5	3.52	0
1197	3.52	0
1197.5	3.52	0
1198	3.52	0
1198.5	3.52	0
1199	3.52	0
1199.5	3.52	0
1200	3.52	0
1200.5	3.52	0
1201	3.52	0
1201.5	3.52	0
1202	3.52	0
1202.5	3.52	0
1203	3.52	0
1203.5	3.52	0
1204	3.52	0
1204.5	3.52	0
1205	3.52	0
1205.5	3.52	0
1206	3.52	0
1206.5	3.52	0
1207	3.52	0
1207.5	3.52	0
1208	3.52	0
1208.5	3.52	0
1209	3.52	0
1209.5	3.52	0
1210	3.52	0
1210.5	3.52	0
1211	3.52	0
1211.5	3.52	0
1212	3.52	0
1212.5	3.52	0
1213	3.52	0
1213.5	3.52	0
1214	3.52	0
1214.5	3.52	0
1215	3.52	0
1215.5	3.52	0
1216	3.52	0
1216.5	3.52	0
1217	3.52	0
1217.5	3.52	0
1218	3.52	0
1218.5	3.52	0
1219	3.52	0
1219.5	3.52	0
1220	3.52	0
1220.5	3.52	0
1221	3.52	0
1221.5	3.52	0
1222	3.52	0
1222.5	3.52	0
1223	3.52	0
1223.5	3.52	0
1224	3.52	0
1224.5	3.52	0
1225	3.52	0
1225.5	3.52	0
1226	3.52	0
1226.5	3.52	0
1227	3.52	0
1227.5	3.52	0
1228	3.52	0
1228.5	3.52	0
1229	3.52	0
1229.5	3.52	0
1230	3.52	0
1230.5	3.52	0
1231	3.52	0
1231.5	3.52	0
1232	3.52	0
1232.5	3.52	0
1233	3.52	0
1233.5	3.52	0
1234	3.52	0
1234.5	3.52	0
1235	3.52	0
1235.5	3.52	0
1236	3.52	0
1236.5	3.52	0
1237	3.52	0
1237.5	3.52	0
1238	3.52	0
1238.5	3.52	0
1239	3.52	0
1239.5	3.52	0
1240	3.52	0
1240.5	3.51	0
1241	3.51	0
1241.5	3.51	0
1242	3.51	0
1242.5	3.51	0
1243	3.51	0
1243.5	3.51	0
1244	3.51	0
1244.5	3.51	0
1245	3.51	0
1245.5	3.51	0
1246	3.51	0
1246.5	3.51	0
1247	3.51	0
1247.5	3.51	0
1248	3.51	0
1248.5	3.51	0
1249	3.51	0
1249.5	3.51	0
1250	3.51	0
1250.5	3.51	0
1251	3.51	0
1251.5	3.51	0
1252	3.51	0
1252.5	3.51	0
1253	3.51	0
1253.5	3.51	0
1254	3.51	0
1254.5	3.51	0
1255	3.51	0
1255.5	3.51	0
1256	3.51	0
1256.5	3.51	0
1257	3.51	0
1257.5	3.51	0
1258	3.51	0
1258.5	3.51	0
1259	3.51	0
1259.5	3.51	0
1260	3.51	0
1260.5	3.51	0
1261	3.51	0
1261.5	3.51	0
1262	3.51	0
1262.5	3.51	0
1263	3.51	0
1263.5	3.51	0
1264	3.51	0
1264.5	3.51	0
1265	3.51	0
1265.5	3.51	0
1266	3.51	0
1266.5	3.51	0
1267	3.51	0
1267.5	3.51	0
1268	3.51	0
1268.5	3.51	0
1269	3.51	0
1269.5	3.51	0
1270	3.51	0
1270.5	3.51	0
1271	3.51	0
1271.5	3.51	0
1272	3.51	0
1272.5	3.51	0
1273	3.51	0
1273.5	3.51	0
1274	3.51	0
1274.5	3.51	0
1275	3.51	0
1275.5	3.51	0
1276	3.51	0
1276.5	3.51	0
1277	3.51	0
1277.5	3.51	0
1278	3.51	0
1278.5	3.51	0
1279	3.51	0
1279.5	3.51	0
1280	3.51	0
1280.5	3.51	0
1281	3.51	0
1281.5	3.51	0
1282	3.51	0
1282.5	3.51	0
1283	3.51	0
1283.5	3.51	0
1284	3.51	0
1284.5	3.51	0
1285	3.51	0
1285.5	3.51	0
1286	3.51	0
1286.5	3.51	0
1287	3.51	0
1287.5	3.51	0
1288	3.51	0
1288.5	3.51	0
1289	3.51	0
1289.5	3.51	0
1290	3.51	0
1290.5	3.51	0
1291	3.51	0
1291.5	3.51	0
1292	3.51	0
1292.5	3.51	0
1293	3.51	0
1293.5	3.51	0
1294	3.51	0
1294.5	3.51	0
1295	3.51	0
1295.5	3.51	0
1296	3.51	0
1296.5	3.51	0
1297	3.51	0
1297.5	3.51	0
1298	3.51	0
1298.5	3.51	0
1299	3.51	0
1299.5	3.51	0
1300	3.5	0
1300.5	3.5	0
1301	3.5	0
1301.5	3.5	0
1302	3.5	0
1302.5	3.5	0
1303	3.5	0
1303.5	3.5	0
1304	3.5	0
1304.5	3.5	0
1305	3.5	0
1305.5	3.5	0
1306	3.5	0
1306.5	3.5	0
1307	3.5	0
1307.5	3.5	0
1308	3.5	0
1308.5	3.5	0
1309	3.5	0
1309.5	3.5	0
1310	3.5	0
1310.5	3.5	0
1311	3.5	0
1311.5	3.5	0
1312	3.5	0
1312.5	3.5	0
1313	3.5	0
1313.5	3.5	0
1314	3.5	0
1314.5	3.5	0
1315	3.5	0
1315.5	3.5	0
1316	3.5	0
1316.5	3.5	0
1317	3.5	0
1317.5	3.5	0
1318	3.5	0
1318.5	3.5	0
1319	3.5	0
1319.5	3.5	0
1320	3.5	0
1320.5	3.5	0
1321	3.5	0
1321.5	3.5	0
1322	3.5	0
1322.5	3.5	0
1323	3.5	0
1323.5	3.5	0
1324	3.5	0
1324.5	3.5	0
1325	3.5	0
1325.5	3.5	0
1326	3.5	0
1326.5	3.5	0
1327	3.5	0
1327.5	3.5	0
1328	3.5	0
1328.5	3.5	0
1329	3.5	0
1329.5	3.5	0
1330	3.5	0
1330.5	3.5	0
1331	3.5	0
1331.5	3.5	0
1332	3.5	0
1332.5	3.5	0
1333	3.5	0
1333.5	3.5	0
1334	3.5	0
1334.5	3.5	0
1335	3.5	0
1335.5	3.5	0
1336	3.5	0
1336.5	3.5	0
1337	3.5	0
1337.5	3.5	0
1338	3.5	0
1338.5	3.5	0
1339	3.5	0
1339.5	3.5	0
1340	3.5	0
1340.5	3.5	0
1341	3.5	0
1341.5	3.5	0
1342	3.5	0
1342.5	3.5	0
1343	3.5	0
1343.5	3.5	0
1344	3.5	0
1344.5	3.5	0
1345	3.5	0
1345.5	3.5	0
1346	3.5	0
1346.5	3.5	0
1347	3.5	0
1347.5	3.5	0
1348	3.5	0
1348.5	3.5	0
1349	3.5	0
1349.5	3.5	0
1350	3.5	0
1350.5	3.5	0
1351	3.5	0
1351.5	3.5	0
1352	3.5	0
1352.5	3.5	0
1353	3.5	0
1353.5	3.5	0
1354	3.5	0
1354.5	3.5	0
1355	3.5	0
1355.5	3.5	0
1356	3.5	0
1356.5	3.5	0
1357	3.5	0
1357.5	3.5	0
1358	3.5	0
1358.5	3.5	0
1359	3.5	0
1359.5	3.5	0
1360	3.5	0
1360.5	3.5	0
1361	3.5	0
1361.5	3.5	0
1362	3.5	0
1362.5	3.5	0
1363	3.5	0
1363.5	3.5	0
1364	3.5	0
1364.5	3.5	0
1365	3.5	0
1365.5	3.5	0
1366	3.5	0
1366.5	3.5	0
1367	3.5	0
1367.5	3.5	0
1368	3.5	0
1368.5	3.5	0
1369	3.5	0
1369.5	3.5	0
1370	3.5	0
1370.5	3.5	0
1371	3.5	0
1371.5	3.5	0
1372	3.5	0
1372.5	3.5	0
1373	3.5	0
1373.5	3.5	0
1374	3.5	0
1374.5	3.5	0
1375	3.5	0
1375.5	3.5	0
1376	3.5	0
1376.5	3.5	0
1377	3.5	0
1377.5	3.5	0
1378	3.5	0
1378.5	3.5	0
1379	3.5	0
1379.5	3.5	0
1380	3.5	0
1380.5	3.5	0
1381	3.5	0
1381.5	3.5	0
1382	3.5	0
1382.5	3.5	0
1383	3.5	0
1383.5	3.5	0
1384	3.5	0
1384.5	3.5	0
1385	3.5	0
1385.5	3.5	0
1386	3.5	0
1386.5	3.5	0
1387	3.5	0
1387.5	3.5	0
1388	3.5	0
1388.5	3.5	0
1389	3.5	0
1389.5	3.5	0
1390	3.5	0
1390.5	3.5	0
1391	3.5	0
1391.5	3.5	0
1392	3.5	0
1392.5	3.5	0
1393	3.5	0
1393.5	3.49	0
1394	3.49	0
1394.5	3.49	0
1395	3.49	0
1395.5	3.49	0
1396	3.49	0
1396.5	3.49	0
1397	3.49	0
1397.5	3.49	0
1398	3.49	0
1398.5	3.49	0
1399	3.49	0
1399.5	3.49	0
1400	3.49	0
1400.5	3.49	0
1401	3.49	0
1401.5	3.49	0
1402	3.49	0
1402.5	3.49	0
1403	3.49	0
1403.5	3.49	0
1404	3.49	0
1404.5	3.49	0
1405	3.49	0
1405.5	3.49	0
1406	3.49	0
1406.5	3.49	0
1407	3.49	0
1407.5	3.49	0
1408	3.49	0
1408.5	3.49	0
1409	3.49	0
1409.5	3.49	0
1410	3.49	0
1410.5	3.49	0
1411	3.49	0
1411.5	3.49	0
1412	3.49	0
1412.5	3.49	0
1413	3.49	0
1413.5	3.49	0
1414	3.49	0
1414.5	3.49	0
1415	3.49	0
1415.5	3.49	0
1416	3.49	0
1416.5	3.49	0
1417	3.49	0
1417.5	3.49	0
1418	3.49	0
1418.5	3.49	0
1419	3.49	0
1419.5	3.49	0
1420	3.49	0
1420.5	3.49	0
1421	3.49	0
1421.5	3.49	0
1422	3.49	0
1422.5	3.49	0
1423	3.49	0
1423.5	3.49	0
1424	3.49	0
1424.5	3.49	0
1425	3.49	0
1425.5	3.49	0
1426	3.49	0
1426.5	3.49	0
1427	3.49	0
1427.5	3.49	0
1428	3.49	0
1428.5	3.49	0
1429	3.49	0
1429.5	3.49	0
1430	3.49	0
1430.5	3.49	0
1431	3.49	0
1431.5	3.49	0
1432	3.49	0
1432.5	3.49	0
1433	3.49	0
1433.5	3.49	0
1434	3.49	0
1434.5	3.49	0
1435	3.49	0
1435.5	3.49	0
1436	3.49	0
1436.5	3.49	0
1437	3.49	0
1437.5	3.49	0
1438	3.49	0
1438.5	3.49	0
1439	3.49	0
1439.5	3.49	0
1440	3.49	0
1440.5	3.49	0
1441	3.49	0
1441.5	3.49	0
1442	3.49	0
1442.5	3.49	0
1443	3.49	0
1443.5	3.49	0
1444	3.49	0
1444.5	3.49	0
1445	3.49	0
1445.5	3.49	0
1446	3.49	0
1446.5	3.49	0
1447	3.49	0
1447.5	3.49	0
1448	3.49	0
1448.5	3.49	0
1449	3.49	0
1449.5	3.49	0
1450	3.49	0
1450.5	3.49	0
1451	3.49	0
1451.5	3.49	0
1452	3.49	0
1452.5	3.49	0
1453	3.49	0
1453.5	3.49	0
1454	3.49	0
1454.5	3.49	0
1455	3.49	0
1455.5	3.49	0
1456	3.49	0
1456.5	3.49	0
1457	3.49	0
1457.5	3.49	0
1458	3.49	0
1458.5	3.49	0
1459	3.49	0
1459.5	3.49	0
1460	3.49	0
1460.5	3.49	0
1461	3.49	0
1461.5	3.49	0
1462	3.49	0
1462.5	3.49	0
1463	3.49	0
1463.5	3.49	0
1464	3.49	0
1464.5	3.49	0
1465	3.49	0
1465.5	3.49	0
1466	3.49	0
1466.5	3.49	0
1467	3.49	0
1467.5	3.49	0
1468	3.49	0
1468.5	3.49	0
1469	3.49	0
1469.5	3.49	0
1470	3.49	0
1470.5	3.48	0
1471	3.48	0
1471.5	3.48	0
1472	3.48	0
1472.5	3.48	0
1473	3.48	0
1473.5	3.48	0
1474	3.48	0
1474.5	3.48	0
1475	3.48	0
1475.5	3.48	0
1476	3.48	0
1476.5	3.48	0
1477	3.48	0
1477.5	3.48	0
1478	3.48	0
1478.5	3.48	0
1479	3.48	0
1479.5	3.48	0
1480	3.48	0
1480.5	3.48	0
1481	3.48	0
1481.5	3.48	0
1482	3.48	0
1482.5	3.48	0
1483	3.48	0
1483.5	3.48	0
1484	3.48	0
1484.5	3.48	0
1485	3.48	0
1485.5	3.48	0
1486	3.48	0
1486.5	3.48	0
1487	3.48	0
1487.5	3.48	0
1488	3.48	0
1488.5	3.48	0
1489	3.48	0
1489.5	3.48	0
1490	3.48	0
1490.5	3.48	0
1491	3.48	0
1491.5	3.48	0
1492	3.48	0
1492.5	3.48	0
1493	3.48	0
1493.5	3.48	0
1494	3.48	0
1494.5	3.48	0
1495	3.48	0
1495.5	3.48	0
1496	3.48	0
1496.5	3.48	0
1497	3.48	0
1497.5	3.48	0
1498	3.48	0
1498.5	3.48	0
1499	3.48	0
1499.5	3.48	0
1500	3.48	0
1500.5	3.48	0
1501	3.48	0
1501.5	3.48	0
1502	3.48	0
1502.5	3.48	0
1503	3.48	0
1503.5	3.48	0
1504	3.48	0
1504.5	3.48	0
1505	3.48	0
1505.5	3.48	0
1506	3.48	0
1506.5	3.48	0
1507	3.48	0
1507.5	3.48	0
1508	3.48	0
1508.5	3.48	0
1509	3.48	0
1509.5	3.48	0
1510	3.48	0
1510.5	3.48	0
1511	3.48	0
1511.5	3.48	0
1512	3.48	0
1512.5	3.48	0
1513	3.48	0
1513.5	3.48	0
1514	3.48	0
1514.5	3.48	0
1515	3.48	0
1515.5	3.48	0
1516	3.48	0
1516.5	3.48	0
1517	3.48	0
1517.5	3.48	0
1518	3.48	0
1518.5	3.48	0
1519	3.48	0
1519.5	3.48	0
1520	3.48	0
1520.5	3.48	0
1521	3.48	0
1521.5	3.48	0
1522	3.48	0
1522.5	3.48	0
1523	3.48	0
1523.5	3.48	0
1524	3.48	0
1524.5	3.48	0
1525	3.48	0
1525.5	3.48	0
1526	3.48	0
1526.5	3.48	0
1527	3.48	0
1527.5	3.48	0
1528	3.48	0
1528.5	3.48	0
1529	3.48	0
1529.5	3.48	0
1530	3.48	0
1530.5	3.48	0
1531	3.48	0
1531.5	3.48	0
1532	3.48	0
1532.5	3.48	0
1533	3.48	0
1533.5	3.48	0
1534	3.48	0
1534.5	3.48	0
1535	3.48	0
1535.5	3.48	0
1536	3.48	0
1536.5	3.48	0
1537	3.48	0
1537.5	3.48	0
1538	3.48	0
1538.5	3.48	0
1539	3.48	0
1539.5	3.48	0
1540	3.48	0
1540.5	3.48	0
1541	3.48	0
1541.5	3.48	0
1542	3.48	0
1542.5	3.48	0
1543	3.48	0
1543.5	3.48	0
1544	3.48	0
1544.5	3.48	0
1545	3.48	0
1545.5	3.48	0
1546	3.48	0
1546.5	3.48	0
1547	3.48	0
1547.5	3.48	0
1548	3.48	0
1548.5	3.48	0
1549	3.48	0
1549.5	3.48	0
1550	3.48	0
1550.5	3.48	0
1551	3.48	0
1551.5	3.48	0
1552	3.48	0
1552.5	3.48	0
1553	3.48	0
1553.5	3.48	0
1554	3.48	0
1554.5	3.48	0
1555	3.48	0
1555.5	3.48	0
1556	3.48	0
1556.5	3.48	0
1557	3.48	0
1557.5	3.48	0
1558	3.48	0
1558.5	3.48	0
1559	3.48	0
1559.5	3.48	0
1560	3.48	0
1560.5	3.48	0
1561	3.48	0
1561.5	3.48	0
1562	3.48	0
1562.5	3.48	0
1563	3.48	0
1563.5	3.48	0
1564	3.48	0
1564.5	3.48	0
1565	3.48	0
1565.5	3.48	0
1566	3.48	0
1566.5	3.48	0
1567	3.48	0
1567.5	3.48	0
1568	3.48	0
1568.5	3.48	0
1569	3.48	0
1569.5	3.48	0
1570	3.48	0
1570.5	3.47	0
1571	3.47	0
1571.5	3.47	0
1572	3.47	0
1572.5	3.47	0
1573	3.47	0
1573.5	3.47	0
1574	3.47	0
1574.5	3.47	0
1575	3.47	0
1575.5	3.47	0
1576	3.47	0
1576.5	3.47	0
1577	3.47	0
1577.5	3.47	0
1578	3.47	0
1578.5	3.47	0
1579	3.47	0
1579.5	3.47	0
1580	3.47	0
1580.5	3.47	0
1581	3.47	0
1581.5	3.47	0
1582	3.47	0
1582.5	3.47	0
1583	3.47	0
1583.5	3.47	0
1584	3.47	0
1584.5	3.47	0
1585	3.47	0
1585.5	3.47	0
1586	3.47	0
1586.5	3.47	0
1587	3.47	0
1587.5	3.47	0
1588	3.47	0
1588.5	3.47	0
1589	3.47	0
1589.5	3.47	0
1590	3.47	0
1590.5	3.47	0
1591	3.47	0
1591.5	3.47	0
1592	3.47	0
1592.5	3.47	0
1593	3.47	0
1593.5	3.47	0
1594	3.47	0
1594.5	3.47	0
1595	3.47	0
1595.5	3.47	0
1596	3.47	0
1596.5	3.47	0
1597	3.47	0
1597.5	3.47	0
1598	3.47	0
1598.5	3.47	0
1599	3.47	0
1599.5	3.47	0
1600	3.47	0
1600.5	3.47	0
1601	3.47	0
1601.5	3.47	0
1602	3.47	0
1602.5	3.47	0
1603	3.47	0
1603.5	3.47	0
1604	3.47	0
1604.5	3.47	0
1605	3.47	0
1605.5	3.47	0
1606	3.47	0
1606.5	3.47	0
1607	3.47	0
1607.5	3.47	0
1608	3.47	0
1608.5	3.47	0
1609	3.47	0
1609.5	3.47	0
1610	3.47	0
1610.5	3.47	0
1611	3.47	0
1611.5	3.47	0
1612	3.47	0
1612.5	3.47	0
1613	3.47	0
1613.5	3.47	0
1614	3.47	0
1614.5	3.47	0
1615	3.47	0
1615.5	3.47	0
1616	3.47	0
1616.5	3.47	0
1617	3.47	0
1617.5	3.47	0
1618	3.47	0
1618.5	3.47	0
1619	3.47	0
1619.5	3.47	0
1620	3.47	0
1620.5	3.47	0
1621	3.47	0
1621.5	3.47	0
1622	3.47	0
1622.5	3.47	0
1623	3.47	0
1623.5	3.47	0
1624	3.47	0
1624.5	3.47	0
1625	3.47	0
1625.5	3.47	0
1626	3.47	0
1626.5	3.47	0
1627	3.47	0
1627.5	3.47	0
1628	3.47	0
1628.5	3.47	0
1629	3.47	0
1629.5	3.47	0
1630	3.47	0
1630.5	3.47	0
1631	3.47	0
1631.5	3.47	0
1632	3.47	0
1632.5	3.47	0
1633	3.47	0
1633.5	3.47	0
1634	3.47	0
1634.5	3.47	0
1635	3.47	0
1635.5	3.47	0
1636	3.47	0
1636.5	3.47	0
1637	3.47	0
1637.5	3.47	0
1638	3.47	0
1638.5	3.47	0
1639	3.47	0
1639.5	3.47	0
1640	3.47	0
1640.5	3.47	0
1641	3.47	0
1641.5	3.47	0
1642	3.47	0
1642.5	3.47	0
1643	3.47	0
1643.5	3.47	0
1644	3.47	0
1644.5	3.47	0
1645	3.47	0
1645.5	3.47	0
1646	3.47	0
1646.5	3.47	0
1647	3.47	0
1647.5	3.47	0
1648	3.47	0
1648.5	3.47	0
1649	3.47	0
1649.5	3.47	0
1650	3.47	0
1650.5	3.47	0
1651	3.47	0
1651.5	3.47	0
1652	3.47	0
1652.5	3.47	0
1653	3.47	0
1653.5	3.47	0
1654	3.47	0
1654.5	3.47	0
1655	3.47	0
1655.5	3.47	0
1656	3.47	0
1656.5	3.47	0
1657	3.47	0
1657.5	3.47	0
1658	3.47	0
1658.5	3.47	0
1659	3.47	0
1659.5	3.47	0
1660	3.47	0
1660.5	3.47	0
1661	3.47	0
1661.5	3.47	0
1662	3.47	0
1662.5	3.47	0
1663	3.47	0
1663.5	3.47	0
1664	3.47	0
1664.5	3.47	0
1665	3.47	0
1665.5	3.47	0
1666	3.47	0
1666.5	3.47	0
1667	3.47	0
1667.5	3.47	0
1668	3.47	0
1668.5	3.47	0
1669	3.47	0
1669.5	3.47	0
1670	3.47	0
1670.5	3.46	0
1671	3.46	0
1671.5	3.46	0
1672	3.46	0
1672.5	3.46	0
1673	3.46	0
1673.5	3.46	0
1674	3.46	0
1674.5	3.46	0
1675	3.46	0
1675.5	3.46	0
1676	3.46	0
1676.5	3.46	0
1677	3.46	0
1677.5	3.46	0
1678	3.46	0
1678.5	3.46	0
1679	3.46	0
1679.5	3.46	0
1680	3.46	0
1680.5	3.46	0
1681	3.46	0
1681.5	3.46	0
1682	3.46	0
1682.5	3.46	0
1683	3.46	0
1683.5	3.46	0
1684	3.46	0
1684.5	3.46	0
1685	3.46	0
1685.5	3.46	0
1686	3.46	0
1686.5	3.46	0
1687	3.46	0
1687.5	3.46	0
1688	3.46	0
1688.5	3.46	0
1689	3.46	0
1689.5	3.46	0
1690	3.46	0
1690.5	3.46	0
1691	3.46	0
1691.5	3.46	0
1692	3.46	0
1692.5	3.46	0
1693	3.46	0
1693.5	3.46	0
1694	3.46	0
1694.5	3.46	0
1695	3.46	0
1695.5	3.46	0
1696	3.46	0
1696.5	3.46	0
1697	3.46	0
1697.5	3.46	0
1698	3.46	0
1698.5	3.46	0
1699	3.46	0
1699.5	3.46	0
1700	3.46	0
1700.5	3.46	0
1701	3.46	0
1701.5	3.46	0
1702	3.46	0
1702.5	3.46	0
1703	3.46	0
1703.5	3.46	0
1704	3.46	0
1704.5	3.46	0
1705	3.46	0
1705.5	3.46	0
1706	3.46	0
1706.5	3.46	0
1707	3.46	0
1707.5	3.46	0
1708	3.46	0
1708.5	3.46	0
1709	3.46	0
1709.5	3.46	0
1710	3.46	0
1710.5	3.46	0
1711	3.46	0
1711.5	3.46	0
1712	3.46	0
1712.5	3.46	0
1713	3.46	0
1713.5	3.46	0
1714	3.46	0
1714.5	3.46	0
1715	3.46	0
1715.5	3.46	0
1716	3.46	0
1716.5	3.46	0
1717	3.46	0
1717.5	3.46	0
1718	3.46	0
1718.5	3.46	0
1719	3.46	0
1719.5	3.46	0
1720	3.46	0
1720.5	3.46	0
1721	3.46	0
1721.5	3.46	0
1722	3.46	0
1722.5	3.46	0
1723	3.46	0
1723.5	3.46	0
1724	3.46	0
1724.5	3.46	0
1725	3.46	0
1725.5	3.46	0
1726	3.46	0
1726.5	3.46	0
1727	3.46	0
1727.5	3.46	0
1728	3.46	0
1728.5	3.46	0
1729	3.46	0
1729.5	3.46	0
1730	3.46	0
1730.5	3.46	0
1731	3.46	0
1731.5	3.46	0
1732	3.46	0
1732.5	3.46	0
1733	3.46	0
1733.5	3.46	0
1734	3.46	0
1734.5	3.46	0
1735	3.46	0
1735.5	3.46	0
1736	3.46	0
1736.5	3.46	0
1737	3.46	0
1737.5	3.46	0
1738	3.46	0
1738.5	3.46	0
1739	3.46	0
1739.5	3.46	0
1740	3.46	0
1740.5	3.46	0
1741	3.46	0
1741.5	3.46	0
1742	3.46	0
1742.5	3.46	0
1743	3.46	0
1743.5	3.46	0
1744	3.46	0
1744.5	3.46	0
1745	3.46	0
1745.5	3.46	0
1746	3.46	0
1746.5	3.46	0
1747	3.46	0
1747.5	3.46	0
1748	3.46	0
1748.5	3.46	0
1749	3.46	0
1749.5	3.46	0
1750	3.46	0
1750.5	3.46	0
1751	3.46	0
1751.5	3.46	0
1752	3.46	0
1752.5	3.46	0
1753	3.46	0
1753.5	3.46	0
1754	3.46	0
1754.5	3.46	0
1755	3.46	0
1755.5	3.46	0
1756	3.46	0
1756.5	3.46	0
1757	3.46	0
1757.5	3.46	0
1758	3.46	0
1758.5	3.46	0
1759	3.46	0
1759.5	3.46	0
1760	3.46	0
1760.5	3.46	0
1761	3.46	0
1761.5	3.46	0
1762	3.46	0
1762.5	3.46	0
1763	3.46	0
1763.5	3.46	0
1764	3.46	0
1764.5	3.46	0
1765	3.46	0
1765.5	3.46	0
1766	3.46	0
1766.5	3.46	0
1767	3.46	0
1767.5	3.46	0
1768	3.46	0
1768.5	3.46	0
1769	3.46	0
1769.5	3.46	0
1770	3.46	0
1770.5	3.45	0
1771	3.45	0
1771.5	3.45	0
1772	3.45	0
1772.5	3.45	0
1773	3.45	0
1773.5	3.45	0
1774	3.45	0
1774.5	3.45	0
1775	3.45	0
1775.5	3.45	0
1776	3.45	0
1776.5	3.45	0
1777	3.45	0
1777.5	3.45	0
1778	3.45	0
1778.5	3.45	0
1779	3.45	0
1779.5	3.45	0
1780	3.45	0
1780.5	3.45	0
1781	3.45	0
1781.5	3.45	0
1782	3.45	0
1782.5	3.45	0
1783	3.45	0
1783.5	3.45	0
1784	3.45	0
1784.5	3.45	0
1785	3.45	0
1785.5	3.45	0
1786	3.45	0
1786.5	3.45	0
1787	3.45	0
1787.5	3.45	0
1788	3.45	0
1788.5	3.45	0
1789	3.45	0
1789.5	3.45	0
1790	3.45	0
1790.5	3.45	0
1791	3.45	0
1791.5	3.45	0
1792	3.45	0
1792.5	3.45	0
1793	3.45	0
1793.5	3.45	0
1794	3.45	0
1794.5	3.45	0
1795	3.45	0
1795.5	3.45	0
1796	3.45	0
1796.5	3.45	0
1797	3.45	0
1797.5	3.45	0
1798	3.45	0
1798.5	3.45	0
1799	3.45	0
1799.5	3.45	0
1800	3.45	0
1800.5	3.45	0
1801	3.45	0
1801.5	3.45	0
1802	3.45	0
1802.5	3.45	0
1803	3.45	0
1803.5	3.45	0
1804	3.45	0
1804.5	3.45	0
1805	3.45	0
1805.5	3.45	0
1806	3.45	0
1806.5	3.45	0
1807	3.45	0
1807.5	3.45	0
1808	3.45	0
1808.5	3.45	0
1809	3.45	0
1809.5	3.45	0
1810	3.45	0
1810.5	3.45	0
1811	3.45	0
1811.5	3.45	0
1812	3.45	0
1812.5	3.45	0
1813	3.45	0
1813.5	3.45	0
1814	3.45	0
1814.5	3.45	0
1815	3.45	0
1815.5	3.45	0
1816	3.45	0
1816.5	3.45	0
1817	3.45	0
1817.5	3.45	0
1818	3.45	0
1818.5	3.45	0
1819	3.45	0
1819.5	3.45	0
1820	3.45	0
1820.5	3.45	0
1821	3.45	0
1821.5	3.45	0
1822	3.45	0
1822.5	3.45	0
1823	3.45	0
1823.5	3.45	0
1824	3.45	0
1824.5	3.45	0
1825	3.45	0
1825.5	3.45	0
1826	3.45	0
1826.5	3.45	0
1827	3.45	0
1827.5	3.45	0
1828	3.45	0
1828.5	3.45	0
1829	3.45	0
1829.5	3.45	0
1830	3.45	0
1830.5	3.45	0
1831	3.45	0
1831.5	3.45	0
1832	3.45	0
1832.5	3.45	0
1833	3.45	0
1833.5	3.45	0
1834	3.45	0
1834.5	3.45	0
1835	3.45	0
1835.5	3.45	0
1836	3.45	0
1836.5	3.45	0
1837	3.45	0
1837.5	3.45	0
1838	3.45	0
1838.5	3.45	0
1839	3.45	0
1839.5	3.45	0
1840	3.45	0
1840.5	3.45	0
1841	3.45	0
1841.5	3.45	0
1842	3.45	0
1842.5	3.45	0
1843	3.45	0
1843.5	3.45	0
1844	3.45	0
1844.5	3.45	0
1845	3.45	0
1845.5	3.45	0
1846	3.45	0
1846.5	3.45	0
1847	3.45	0
1847.5	3.45	0
1848	3.45	0
1848.5	3.45	0
1849	3.45	0
1849.5	3.45	0
1850	3.45	0
1850.5	3.45	0
1851	3.45	0
1851.5	3.45	0
1852	3.45	0
1852.5	3.45	0
1853	3.45	0
1853.5	3.45	0
1854	3.45	0
1854.5	3.45	0
1855	3.45	0
1855.5	3.45	0
1856	3.45	0
1856.5	3.45	0
1857	3.45	0
1857.5	3.45	0
1858	3.45	0
1858.5	3.45	0
1859	3.45	0
1859.5	3.45	0
1860	3.45	0
1860.5	3.45	0
1861	3.45	0
1861.5	3.45	0
1862	3.45	0
1862.5	3.45	0
1863	3.45	0
1863.5	3.45	0
1864	3.45	0
1864.5	3.45	0
1865	3.45	0
1865.5	3.45	0
1866	3.45	0
1866.5	3.45	0
1867	3.45	0
1867.5	3.45	0
1868	3.45	0
1868.5	3.45	0
1869	3.45	0
1869.5	3.45	0
1870	3.45	0
1870.5	3.44	0
1871	3.44	0
1871.5	3.44	0
1872	3.44	0
1872.5	3.44	0
1873	3.44	0
1873.5	3.44	0
1874	3.44	0
1874.5	3.44	0
1875	3.44	0
1875.5	3.44	0
1876	3.44	0
1876.5	3.44	0
1877	3.44	0
1877.5	3.44	0
1878	3.44	0
1878.5	3.44	0
1879	3.44	0
1879.5	3.44	0
1880	3.44	0
1880.5	3.44	0
1881	3.44	0
1881.5	3.44	0
1882	3.44	0
1882.5	3.44	0
1883	3.44	0
1883.5	3.44	0
1884	3.44	0
1884.5	3.44	0
1885	3.44	0
1885.5	3.44	0
1886	3.44	0
1886.5	3.44	0
1887	3.44	0
1887.5	3.44	0
1888	3.44	0
1888.5	3.44	0
1889	3.44	0
1889.5	3.44	0
1890	3.44	0
1890.5	3.44	0
1891	3.44	0
1891.5	3.44	0
1892	3.44	0
1892.5	3.44	0
1893	3.44	0
1893.5	3.44	0
1894	3.44	0
1894.5	3.44	0
1895	3.44	0
1895.5	3.44	0
1896	3.44	0
1896.5	3.44	0
1897	3.44	0
1897.5	3.44	0
1898	3.44	0
1898.5	3.44	0
1899	3.44	0
1899.5	3.44	0
1900	3.44	0
1900.5	3.44	0
1901	3.44	0
1901.5	3.44	0
1902	3.44	0
1902.5	3.44	0
1903	3.44	0
1903.5	3.44	0
1904	3.44	0
1904.5	3.44	0
1905	3.44	0
1905.5	3.44	0
1906	3.44	0
1906.5	3.44	0
1907	3.44	0
1907.5	3.44	0
1908	3.44	0
1908.5	3.44	0
1909	3.44	0
1909.5	3.44	0
1910	3.44	0
1910.5	3.44	0
1911	3.44	0
1911.5	3.44	0
1912	3.44	0
1912.5	3.44	0
1913	3.44	0
1913.5	3.44	0
1914	3.44	0
1914.5	3.44	0
1915	3.44	0
1915.5	3.44	0
1916	3.44	0
1916.5	3.44	0
1917	3.44	0
1917.5	3.44	0
1918	3.44	0
1918.5	3.44	0
1919	3.44	0
1919.5	3.44	0
1920	3.44	0
1920.5	3.44	0
1921	3.44	0
1921.5	3.44	0
1922	3.44	0
1922.5	3.44	0
1923	3.44	0
1923.5	3.44	0
1924	3.44	0
1924.5	3.44	0
1925	3.44	0
1925.5	3.44	0
1926	3.44	0
1926.5	3.44	0
1927	3.44	0
1927.5	3.44	0
1928	3.44	0
1928.5	3.44	0
1929	3.44	0
1929.5	3.44	0
1930	3.44	0
1930.5	3.44	0
1931	3.44	0
1931.5	3.44	0
1932	3.44	0
1932.5	3.44	0
1933	3.44	0
1933.5	3.44	0
1934	3.44	0
1934.5	3.44	0
1935	3.44	0
1935.5	3.44	0
1936	3.44	0
1936.5	3.44	0
1937	3.44	0
1937.5	3.44	0
1938	3.44	0
1938.5	3.44	0
1939	3.44	0
1939.5	3.44	0
1940	3.44	0
1940.5	3.44	0
1941	3.44	0
1941.5	3.44	0
1942	3.44	0
1942.5	3.44	0
1943	3.44	0
1943.5	3.44	0
1944	3.44	0
1944.5	3.44	0
1945	3.44	0
1945.5	3.44	0
1946	3.44	0
1946.5	3.44	0
1947	3.44	0
1947.5	3.44	0
1948	3.44	0
1948.5	3.44	0
1949	3.44	0
1949.5	3.44	0
1950	3.44	0
1950.5	3.44	0
1951	3.44	0
1951.5	3.44	0
1952	3.44	0
1952.5	3.44	0
1953	3.44	0
1953.5	3.44	0
1954	3.44	0
1954.5	3.44	0
1955	3.44	0
1955.5	3.44	0
1956	3.44	0
1956.5	3.44	0
1957	3.44	0
1957.5	3.44	0
1958	3.44	0
1958.5	3.44	0
1959	3.44	0
1959.5	3.44	0
1960	3.44	0
1960.5	3.44	0
1961	3.44	0
1961.5	3.44	0
1962	3.44	0
1962.5	3.44	0
1963	3.44	0
1963.5	3.44	0
1964	3.44	0
1964.5	3.44	0
1965	3.44	0
1965.5	3.44	0
1966	3.44	0
1966.5	3.44	0
1967	3.44	0
1967.5	3.44	0
1968	3.44	0
1968.5	3.44	0
1969	3.44	0
1969.5	3.44	0
1970	3.44	0
1970.5	3.43	0
1971	3.43	0
1971.5	3.43	0
1972	3.43	0
1972.5	3.43	0
1973	3.43	0
1973.5	3.43	0
1974	3.43	0
1974.5	3.43	0
1975	3.43	0
1975.5	3.43	0
1976	3.43	0
1976.5	3.43	0
1977	3.43	0
1977.5	3.43	0
1978	3.43	0
1978.5	3.43	0
1979	3.43	0
1979.5	3.43	0
1980	3.43	0
1980.5	3.43	0
1981	3.43	0
1981.5	3.43	0
1982	3.43	0
1982.5	3.43	0
1983	3.43	0
1983.5	3.43	0
1984	3.43	0
1984.5	3.43	0
1985	3.43	0
1985.5	3.43	0
1986	3.43	0
1986.5	3.43	0
1987	3.43	0
1987.5	3.43	0
1988	3.43	0
1988.5	3.43	0
1989	3.43	0
1989.5	3.43	0
1990	3.43	0
1990.5	3.43	0
1991	3.43	0
1991.5	3.43	0
1992	3.43	0
1992.5	3.43	0
1993	3.43	0
1993.5	3.43	0
1994	3.43	0
1994.5	3.43	0
1995	3.43	0
1995.5	3.43	0
1996	3.43	0
1996.5	3.43	0
1997	3.43	0
1997.5	3.43	0
1998	3.43	0
1998.5	3.43	0
1999	3.43	0
1999.5	3.43	0
2000	3.43	0

