280	2.19	2.00E-04
280.5	2.19	1.95E-04
281	2.19	1.90E-04
281.5	2.19	1.85E-04
282	2.19	1.80E-04
282.5	2.18	1.75E-04
283	2.18	1.70E-04
283.5	2.18	1.65E-04
284	2.18	1.60E-04
284.5	2.18	1.55E-04
285	2.18	1.50E-04
285.5	2.18	1.45E-04
286	2.18	1.40E-04
286.5	2.18	1.35E-04
287	2.18	1.30E-04
287.5	2.18	1.25E-04
288	2.17	1.20E-04
288.5	2.17	1.15E-04
289	2.17	1.10E-04
289.5	2.17	1.05E-04
290	2.17	1.00E-04
290.5	2.17	9.50E-05
291	2.17	9.00E-05
291.5	2.17	8.50E-05
292	2.17	8.00E-05
292.5	2.17	7.50E-05
293	2.17	7.00E-05
293.5	2.17	6.50E-05
294	2.16	6.00E-05
294.5	2.16	5.50E-05
295	2.16	5.00E-05
295.5	2.16	4.50E-05
296	2.16	4.00E-05
296.5	2.16	3.50E-05
297	2.16	3.00E-05
297.5	2.16	2.50E-05
298	2.16	2.00E-05
298.5	2.16	1.50E-05
299	2.16	1.00E-05
299.5	2.16	5.00E-06
300	2.16	0
300.5	2.15	0
301	2.15	0
301.5	2.15	0
302	2.15	0
302.5	2.15	0
303	2.15	0
303.5	2.15	0
304	2.15	0
304.5	2.15	0
305	2.15	0
305.5	2.15	0
306	2.15	0
306.5	2.15	0
307	2.15	0
307.5	2.15	0
308	2.14	0
308.5	2.14	0
309	2.14	0
309.5	2.14	0
310	2.14	0
310.5	2.14	0
311	2.14	0
311.5	2.14	0
312	2.14	0
312.5	2.14	0
313	2.14	0
313.5	2.14	0
314	2.14	0
314.5	2.14	0
315	2.14	0
315.5	2.14	0
316	2.14	0
316.5	2.13	0
317	2.13	0
317.5	2.13	0
318	2.13	0
318.5	2.13	0
319	2.13	0
319.5	2.13	0
320	2.13	0
320.5	2.13	0
321	2.13	0
321.5	2.13	0
322	2.13	0
322.5	2.13	0
323	2.13	0
323.5	2.13	0
324	2.13	0
324.5	2.13	0
325	2.13	0
325.5	2.12	0
326	2.12	0
326.5	2.12	0
327	2.12	0
327.5	2.12	0
328	2.12	0
328.5	2.12	0
329	2.12	0
329.5	2.12	0
330	2.12	0
330.5	2.12	0
331	2.12	0
331.5	2.12	0
332	2.12	0
332.5	2.12	0
333	2.12	0
333.5	2.12	0
334	2.12	0
334.5	2.12	0
335	2.12	0
335.5	2.12	0
336	2.12	0
336.5	2.11	0
337	2.11	0
337.5	2.11	0
338	2.11	0
338.5	2.11	0
339	2.11	0
339.5	2.11	0
340	2.11	0
340.5	2.11	0
341	2.11	0
341.5	2.11	0
342	2.11	0
342.5	2.11	0
343	2.11	0
343.5	2.11	0
344	2.11	0
344.5	2.11	0
345	2.11	0
345.5	2.11	0
346	2.11	0
346.5	2.11	0
347	2.11	0
347.5	2.11	0
348	2.11	0
348.5	2.1	0
349	2.1	0
349.5	2.1	0
350	2.1	0
350.5	2.1	0
351	2.1	0
351.5	2.1	0
352	2.1	0
352.5	2.1	0
353	2.1	0
353.5	2.1	0
354	2.1	0
354.5	2.1	0
355	2.1	0
355.5	2.1	0
356	2.1	0
356.5	2.1	0
357	2.1	0
357.5	2.1	0
358	2.1	0
358.5	2.1	0
359	2.1	0
359.5	2.1	0
360	2.1	0
360.5	2.1	0
361	2.1	0
361.5	2.1	0
362	2.09	0
362.5	2.09	0
363	2.09	0
363.5	2.09	0
364	2.09	0
364.5	2.09	0
365	2.09	0
365.5	2.09	0
366	2.09	0
366.5	2.09	0
367	2.09	0
367.5	2.09	0
368	2.09	0
368.5	2.09	0
369	2.09	0
369.5	2.09	0
370	2.09	0
370.5	2.09	0
371	2.09	0
371.5	2.09	0
372	2.09	0
372.5	2.09	0
373	2.09	0
373.5	2.09	0
374	2.09	0
374.5	2.09	0
375	2.09	0
375.5	2.09	0
376	2.09	0
376.5	2.09	0
377	2.09	0
377.5	2.09	0
378	2.09	0
378.5	2.08	0
379	2.08	0
379.5	2.08	0
380	2.08	0
380.5	2.08	0
381	2.08	0
381.5	2.08	0
382	2.08	0
382.5	2.08	0
383	2.08	0
383.5	2.08	0
384	2.08	0
384.5	2.08	0
385	2.08	0
385.5	2.08	0
386	2.08	0
386.5	2.08	0
387	2.08	0
387.5	2.08	0
388	2.08	0
388.5	2.08	0
389	2.08	0
389.5	2.08	0
390	2.08	0
390.5	2.08	0
391	2.08	0
391.5	2.08	0
392	2.08	0
392.5	2.08	0
393	2.08	0
393.5	2.08	0
394	2.08	0
394.5	2.08	0
395	2.08	0
395.5	2.08	0
396	2.08	0
396.5	2.08	0
397	2.08	0
397.5	2.08	0
398	2.07	0
398.5	2.07	0
399	2.07	0
399.5	2.07	0
400	2.07	0
400.5	2.07	0
401	2.07	0
401.5	2.07	0
402	2.07	0
402.5	2.07	0
403	2.07	0
403.5	2.07	0
404	2.07	0
404.5	2.07	0
405	2.07	0
405.5	2.07	0
406	2.07	0
406.5	2.07	0
407	2.07	0
407.5	2.07	0
408	2.07	0
408.5	2.07	0
409	2.07	0
409.5	2.07	0
410	2.07	0
410.5	2.07	0
411	2.07	0
411.5	2.07	0
412	2.07	0
412.5	2.07	0
413	2.07	0
413.5	2.07	0
414	2.07	0
414.5	2.07	0
415	2.07	0
415.5	2.07	0
416	2.07	0
416.5	2.07	0
417	2.07	0
417.5	2.07	0
418	2.07	0
418.5	2.07	0
419	2.07	0
419.5	2.07	0
420	2.07	0
420.5	2.07	0
421	2.07	0
421.5	2.06	0
422	2.06	0
422.5	2.06	0
423	2.06	0
423.5	2.06	0
424	2.06	0
424.5	2.06	0
425	2.06	0
425.5	2.06	0
426	2.06	0
426.5	2.06	0
427	2.06	0
427.5	2.06	0
428	2.06	0
428.5	2.06	0
429	2.06	0
429.5	2.06	0
430	2.06	0
430.5	2.06	0
431	2.06	0
431.5	2.06	0
432	2.06	0
432.5	2.06	0
433	2.06	0
433.5	2.06	0
434	2.06	0
434.5	2.06	0
435	2.06	0
435.5	2.06	0
436	2.06	0
436.5	2.06	0
437	2.06	0
437.5	2.06	0
438	2.06	0
438.5	2.06	0
439	2.06	0
439.5	2.06	0
440	2.06	0
440.5	2.06	0
441	2.06	0
441.5	2.06	0
442	2.06	0
442.5	2.06	0
443	2.06	0
443.5	2.06	0
444	2.06	0
444.5	2.06	0
445	2.06	0
445.5	2.06	0
446	2.06	0
446.5	2.06	0
447	2.06	0
447.5	2.06	0
448	2.06	0
448.5	2.06	0
449	2.06	0
449.5	2.06	0
450	2.06	0
450.5	2.05	0
451	2.05	0
451.5	2.05	0
452	2.05	0
452.5	2.05	0
453	2.05	0
453.5	2.05	0
454	2.05	0
454.5	2.05	0
455	2.05	0
455.5	2.05	0
456	2.05	0
456.5	2.05	0
457	2.05	0
457.5	2.05	0
458	2.05	0
458.5	2.05	0
459	2.05	0
459.5	2.05	0
460	2.05	0
460.5	2.05	0
461	2.05	0
461.5	2.05	0
462	2.05	0
462.5	2.05	0
463	2.05	0
463.5	2.05	0
464	2.05	0
464.5	2.05	0
465	2.05	0
465.5	2.05	0
466	2.05	0
466.5	2.05	0
467	2.05	0
467.5	2.05	0
468	2.05	0
468.5	2.05	0
469	2.05	0
469.5	2.05	0
470	2.05	0
470.5	2.05	0
471	2.05	0
471.5	2.05	0
472	2.05	0
472.5	2.05	0
473	2.05	0
473.5	2.05	0
474	2.05	0
474.5	2.05	0
475	2.05	0
475.5	2.05	0
476	2.05	0
476.5	2.05	0
477	2.05	0
477.5	2.05	0
478	2.05	0
478.5	2.05	0
479	2.05	0
479.5	2.05	0
480	2.05	0
480.5	2.05	0
481	2.05	0
481.5	2.05	0
482	2.05	0
482.5	2.05	0
483	2.05	0
483.5	2.05	0
484	2.05	0
484.5	2.05	0
485	2.05	0
485.5	2.05	0
486	2.05	0
486.5	2.05	0
487	2.05	0
487.5	2.05	0
488	2.04	0
488.5	2.04	0
489	2.04	0
489.5	2.04	0
490	2.04	0
490.5	2.04	0
491	2.04	0
491.5	2.04	0
492	2.04	0
492.5	2.04	0
493	2.04	0
493.5	2.04	0
494	2.04	0
494.5	2.04	0
495	2.04	0
495.5	2.04	0
496	2.04	0
496.5	2.04	0
497	2.04	0
497.5	2.04	0
498	2.04	0
498.5	2.04	0
499	2.04	0
499.5	2.04	0
500	2.04	0
500.5	2.04	0
501	2.04	0
501.5	2.04	0
502	2.04	0
502.5	2.04	0
503	2.04	0
503.5	2.04	0
504	2.04	0
504.5	2.04	0
505	2.04	0
505.5	2.04	0
506	2.04	0
506.5	2.04	0
507	2.04	0
507.5	2.04	0
508	2.04	0
508.5	2.04	0
509	2.04	0
509.5	2.04	0
510	2.04	0
510.5	2.04	0
511	2.04	0
511.5	2.04	0
512	2.04	0
512.5	2.04	0
513	2.04	0
513.5	2.04	0
514	2.04	0
514.5	2.04	0
515	2.04	0
515.5	2.04	0
516	2.04	0
516.5	2.04	0
517	2.04	0
517.5	2.04	0
518	2.04	0
518.5	2.04	0
519	2.04	0
519.5	2.04	0
520	2.04	0
520.5	2.04	0
521	2.04	0
521.5	2.04	0
522	2.04	0
522.5	2.04	0
523	2.04	0
523.5	2.04	0
524	2.04	0
524.5	2.04	0
525	2.04	0
525.5	2.04	0
526	2.04	0
526.5	2.04	0
527	2.04	0
527.5	2.04	0
528	2.04	0
528.5	2.04	0
529	2.04	0
529.5	2.04	0
530	2.04	0
530.5	2.04	0
531	2.04	0
531.5	2.04	0
532	2.04	0
532.5	2.04	0
533	2.04	0
533.5	2.04	0
534	2.04	0
534.5	2.04	0
535	2.04	0
535.5	2.04	0
536	2.04	0
536.5	2.04	0
537	2.04	0
537.5	2.04	0
538	2.04	0
538.5	2.04	0
539	2.03	0
539.5	2.03	0
540	2.03	0
540.5	2.03	0
541	2.03	0
541.5	2.03	0
542	2.03	0
542.5	2.03	0
543	2.03	0
543.5	2.03	0
544	2.03	0
544.5	2.03	0
545	2.03	0
545.5	2.03	0
546	2.03	0
546.5	2.03	0
547	2.03	0
547.5	2.03	0
548	2.03	0
548.5	2.03	0
549	2.03	0
549.5	2.03	0
550	2.03	0
550.5	2.03	0
551	2.03	0
551.5	2.03	0
552	2.03	0
552.5	2.03	0
553	2.03	0
553.5	2.03	0
554	2.03	0
554.5	2.03	0
555	2.03	0
555.5	2.03	0
556	2.03	0
556.5	2.03	0
557	2.03	0
557.5	2.03	0
558	2.03	0
558.5	2.03	0
559	2.03	0
559.5	2.03	0
560	2.03	0
560.5	2.03	0
561	2.03	0
561.5	2.03	0
562	2.03	0
562.5	2.03	0
563	2.03	0
563.5	2.03	0
564	2.03	0
564.5	2.03	0
565	2.03	0
565.5	2.03	0
566	2.03	0
566.5	2.03	0
567	2.03	0
567.5	2.03	0
568	2.03	0
568.5	2.03	0
569	2.03	0
569.5	2.03	0
570	2.03	0
570.5	2.03	0
571	2.03	0
571.5	2.03	0
572	2.03	0
572.5	2.03	0
573	2.03	0
573.5	2.03	0
574	2.03	0
574.5	2.03	0
575	2.03	0
575.5	2.03	0
576	2.03	0
576.5	2.03	0
577	2.03	0
577.5	2.03	0
578	2.03	0
578.5	2.03	0
579	2.03	0
579.5	2.03	0
580	2.03	0
580.5	2.03	0
581	2.03	0
581.5	2.03	0
582	2.03	0
582.5	2.03	0
583	2.03	0
583.5	2.03	0
584	2.03	0
584.5	2.03	0
585	2.03	0
585.5	2.03	0
586	2.03	0
586.5	2.03	0
587	2.03	0
587.5	2.03	0
588	2.03	0
588.5	2.03	0
589	2.03	0
589.5	2.03	0
590	2.03	0
590.5	2.03	0
591	2.03	0
591.5	2.03	0
592	2.03	0
592.5	2.03	0
593	2.03	0
593.5	2.03	0
594	2.03	0
594.5	2.03	0
595	2.03	0
595.5	2.03	0
596	2.03	0
596.5	2.03	0
597	2.03	0
597.5	2.03	0
598	2.03	0
598.5	2.03	0
599	2.03	0
599.5	2.03	0
600	2.03	0
600.5	2.03	0
601	2.03	0
601.5	2.03	0
602	2.03	0
602.5	2.03	0
603	2.03	0
603.5	2.03	0
604	2.03	0
604.5	2.03	0
605	2.03	0
605.5	2.03	0
606	2.03	0
606.5	2.03	0
607	2.03	0
607.5	2.03	0
608	2.03	0
608.5	2.03	0
609	2.03	0
609.5	2.03	0
610	2.02	0
610.5	2.02	0
611	2.02	0
611.5	2.02	0
612	2.02	0
612.5	2.02	0
613	2.02	0
613.5	2.02	0
614	2.02	0
614.5	2.02	0
615	2.02	0
615.5	2.02	0
616	2.02	0
616.5	2.02	0
617	2.02	0
617.5	2.02	0
618	2.02	0
618.5	2.02	0
619	2.02	0
619.5	2.02	0
620	2.02	0
620.5	2.02	0
621	2.02	0
621.5	2.02	0
622	2.02	0
622.5	2.02	0
623	2.02	0
623.5	2.02	0
624	2.02	0
624.5	2.02	0
625	2.02	0
625.5	2.02	0
626	2.02	0
626.5	2.02	0
627	2.02	0
627.5	2.02	0
628	2.02	0
628.5	2.02	0
629	2.02	0
629.5	2.02	0
630	2.02	0
630.5	2.02	0
631	2.02	0
631.5	2.02	0
632	2.02	0
632.5	2.02	0
633	2.02	0
633.5	2.02	0
634	2.02	0
634.5	2.02	0
635	2.02	0
635.5	2.02	0
636	2.02	0
636.5	2.02	0
637	2.02	0
637.5	2.02	0
638	2.02	0
638.5	2.02	0
639	2.02	0
639.5	2.02	0
640	2.02	0
640.5	2.02	0
641	2.02	0
641.5	2.02	0
642	2.02	0
642.5	2.02	0
643	2.02	0
643.5	2.02	0
644	2.02	0
644.5	2.02	0
645	2.02	0
645.5	2.02	0
646	2.02	0
646.5	2.02	0
647	2.02	0
647.5	2.02	0
648	2.02	0
648.5	2.02	0
649	2.02	0
649.5	2.02	0
650	2.02	0
650.5	2.02	0
651	2.02	0
651.5	2.02	0
652	2.02	0
652.5	2.02	0
653	2.02	0
653.5	2.02	0
654	2.02	0
654.5	2.02	0
655	2.02	0
655.5	2.02	0
656	2.02	0
656.5	2.02	0
657	2.02	0
657.5	2.02	0
658	2.02	0
658.5	2.02	0
659	2.02	0
659.5	2.02	0
660	2.02	0
660.5	2.02	0
661	2.02	0
661.5	2.02	0
662	2.02	0
662.5	2.02	0
663	2.02	0
663.5	2.02	0
664	2.02	0
664.5	2.02	0
665	2.02	0
665.5	2.02	0
666	2.02	0
666.5	2.02	0
667	2.02	0
667.5	2.02	0
668	2.02	0
668.5	2.02	0
669	2.02	0
669.5	2.02	0
670	2.02	0
670.5	2.02	0
671	2.02	0
671.5	2.02	0
672	2.02	0
672.5	2.02	0
673	2.02	0
673.5	2.02	0
674	2.02	0
674.5	2.02	0
675	2.02	0
675.5	2.02	0
676	2.02	0
676.5	2.02	0
677	2.02	0
677.5	2.02	0
678	2.02	0
678.5	2.02	0
679	2.02	0
679.5	2.02	0
680	2.02	0
680.5	2.02	0
681	2.02	0
681.5	2.02	0
682	2.02	0
682.5	2.02	0
683	2.02	0
683.5	2.02	0
684	2.02	0
684.5	2.02	0
685	2.02	0
685.5	2.02	0
686	2.02	0
686.5	2.02	0
687	2.02	0
687.5	2.02	0
688	2.02	0
688.5	2.02	0
689	2.02	0
689.5	2.02	0
690	2.02	0
690.5	2.02	0
691	2.02	0
691.5	2.02	0
692	2.02	0
692.5	2.02	0
693	2.02	0
693.5	2.02	0
694	2.02	0
694.5	2.02	0
695	2.02	0
695.5	2.02	0
696	2.02	0
696.5	2.02	0
697	2.02	0
697.5	2.02	0
698	2.02	0
698.5	2.02	0
699	2.02	0
699.5	2.02	0
700	2.02	0
700.5	2.02	0
701	2.02	0
701.5	2.02	0
702	2.02	0
702.5	2.02	0
703	2.02	0
703.5	2.02	0
704	2.02	0
704.5	2.02	0
705	2.02	0
705.5	2.02	0
706	2.02	0
706.5	2.02	0
707	2.02	0
707.5	2.02	0
708	2.02	0
708.5	2.02	0
709	2.02	0
709.5	2.02	0
710	2.02	0
710.5	2.02	0
711	2.02	0
711.5	2.02	0
712	2.02	0
712.5	2.02	0
713	2.02	0
713.5	2.02	0
714	2.02	0
714.5	2.02	0
715	2.02	0
715.5	2.02	0
716	2.02	0
716.5	2.02	0
717	2.02	0
717.5	2.02	0
718	2.02	0
718.5	2.02	0
719	2.02	0
719.5	2.02	0
720	2.02	0
720.5	2.02	0
721	2.02	0
721.5	2.02	0
722	2.02	0
722.5	2.02	0
723	2.01	0
723.5	2.01	0
724	2.01	0
724.5	2.01	0
725	2.01	0
725.5	2.01	0
726	2.01	0
726.5	2.01	0
727	2.01	0
727.5	2.01	0
728	2.01	0
728.5	2.01	0
729	2.01	0
729.5	2.01	0
730	2.01	0
730.5	2.01	0
731	2.01	0
731.5	2.01	0
732	2.01	0
732.5	2.01	0
733	2.01	0
733.5	2.01	0
734	2.01	0
734.5	2.01	0
735	2.01	0
735.5	2.01	0
736	2.01	0
736.5	2.01	0
737	2.01	0
737.5	2.01	0
738	2.01	0
738.5	2.01	0
739	2.01	0
739.5	2.01	0
740	2.01	0
740.5	2.01	0
741	2.01	0
741.5	2.01	0
742	2.01	0
742.5	2.01	0
743	2.01	0
743.5	2.01	0
744	2.01	0
744.5	2.01	0
745	2.01	0
745.5	2.01	0
746	2.01	0
746.5	2.01	0
747	2.01	0
747.5	2.01	0
748	2.01	0
748.5	2.01	0
749	2.01	0
749.5	2.01	0
750	2.01	0
750.5	2.01	0
751	2.01	0
751.5	2.01	0
752	2.01	0
752.5	2.01	0
753	2.01	0
753.5	2.01	0
754	2.01	0
754.5	2.01	0
755	2.01	0
755.5	2.01	0
756	2.01	0
756.5	2.01	0
757	2.01	0
757.5	2.01	0
758	2.01	0
758.5	2.01	0
759	2.01	0
759.5	2.01	0
760	2.01	0
760.5	2.01	0
761	2.01	0
761.5	2.01	0
762	2.01	0
762.5	2.01	0
763	2.01	0
763.5	2.01	0
764	2.01	0
764.5	2.01	0
765	2.01	0
765.5	2.01	0
766	2.01	0
766.5	2.01	0
767	2.01	0
767.5	2.01	0
768	2.01	0
768.5	2.01	0
769	2.01	0
769.5	2.01	0
770	2.01	0
770.5	2.01	0
771	2.01	0
771.5	2.01	0
772	2.01	0
772.5	2.01	0
773	2.01	0
773.5	2.01	0
774	2.01	0
774.5	2.01	0
775	2.01	0
775.5	2.01	0
776	2.01	0
776.5	2.01	0
777	2.01	0
777.5	2.01	0
778	2.01	0
778.5	2.01	0
779	2.01	0
779.5	2.01	0
780	2.01	0
780.5	2.01	0
781	2.01	0
781.5	2.01	0
782	2.01	0
782.5	2.01	0
783	2.01	0
783.5	2.01	0
784	2.01	0
784.5	2.01	0
785	2.01	0
785.5	2.01	0
786	2.01	0
786.5	2.01	0
787	2.01	0
787.5	2.01	0
788	2.01	0
788.5	2.01	0
789	2.01	0
789.5	2.01	0
790	2.01	0
790.5	2.01	0
791	2.01	0
791.5	2.01	0
792	2.01	0
792.5	2.01	0
793	2.01	0
793.5	2.01	0
794	2.01	0
794.5	2.01	0
795	2.01	0
795.5	2.01	0
796	2.01	0
796.5	2.01	0
797	2.01	0
797.5	2.01	0
798	2.01	0
798.5	2.01	0
799	2.01	0
799.5	2.01	0
800	2.01	0
800.5	2.01	0
801	2.01	0
801.5	2.01	0
802	2.01	0
802.5	2.01	0
803	2.01	0
803.5	2.01	0
804	2.01	0
804.5	2.01	0
805	2.01	0
805.5	2.01	0
806	2.01	0
806.5	2.01	0
807	2.01	0
807.5	2.01	0
808	2.01	0
808.5	2.01	0
809	2.01	0
809.5	2.01	0
810	2.01	0
810.5	2.01	0
811	2.01	0
811.5	2.01	0
812	2.01	0
812.5	2.01	0
813	2.01	0
813.5	2.01	0
814	2.01	0
814.5	2.01	0
815	2.01	0
815.5	2.01	0
816	2.01	0
816.5	2.01	0
817	2.01	0
817.5	2.01	0
818	2.01	0
818.5	2.01	0
819	2.01	0
819.5	2.01	0
820	2.01	0
820.5	2.01	0
821	2.01	0
821.5	2.01	0
822	2.01	0
822.5	2.01	0
823	2.01	0
823.5	2.01	0
824	2.01	0
824.5	2.01	0
825	2.01	0
825.5	2.01	0
826	2.01	0
826.5	2.01	0
827	2.01	0
827.5	2.01	0
828	2.01	0
828.5	2.01	0
829	2.01	0
829.5	2.01	0
830	2.01	0
830.5	2.01	0
831	2.01	0
831.5	2.01	0
832	2.01	0
832.5	2.01	0
833	2.01	0
833.5	2.01	0
834	2.01	0
834.5	2.01	0
835	2.01	0
835.5	2.01	0
836	2.01	0
836.5	2.01	0
837	2.01	0
837.5	2.01	0
838	2.01	0
838.5	2.01	0
839	2.01	0
839.5	2.01	0
840	2.01	0
840.5	2.01	0
841	2.01	0
841.5	2.01	0
842	2.01	0
842.5	2.01	0
843	2.01	0
843.5	2.01	0
844	2.01	0
844.5	2.01	0
845	2.01	0
845.5	2.01	0
846	2.01	0
846.5	2.01	0
847	2.01	0
847.5	2.01	0
848	2.01	0
848.5	2.01	0
849	2.01	0
849.5	2.01	0
850	2.01	0
850.5	2.01	0
851	2.01	0
851.5	2.01	0
852	2.01	0
852.5	2.01	0
853	2.01	0
853.5	2.01	0
854	2.01	0
854.5	2.01	0
855	2.01	0
855.5	2.01	0
856	2.01	0
856.5	2.01	0
857	2.01	0
857.5	2.01	0
858	2.01	0
858.5	2.01	0
859	2.01	0
859.5	2.01	0
860	2.01	0
860.5	2.01	0
861	2.01	0
861.5	2.01	0
862	2.01	0
862.5	2.01	0
863	2.01	0
863.5	2.01	0
864	2.01	0
864.5	2.01	0
865	2.01	0
865.5	2.01	0
866	2.01	0
866.5	2.01	0
867	2.01	0
867.5	2.01	0
868	2.01	0
868.5	2.01	0
869	2.01	0
869.5	2.01	0
870	2.01	0
870.5	2.01	0
871	2.01	0
871.5	2.01	0
872	2.01	0
872.5	2.01	0
873	2.01	0
873.5	2.01	0
874	2.01	0
874.5	2.01	0
875	2.01	0
875.5	2.01	0
876	2.01	0
876.5	2.01	0
877	2.01	0
877.5	2.01	0
878	2.01	0
878.5	2.01	0
879	2.01	0
879.5	2.01	0
880	2.01	0
880.5	2.01	0
881	2.01	0
881.5	2.01	0
882	2.01	0
882.5	2.01	0
883	2.01	0
883.5	2.01	0
884	2.01	0
884.5	2.01	0
885	2.01	0
885.5	2.01	0
886	2.01	0
886.5	2.01	0
887	2.01	0
887.5	2.01	0
888	2.01	0
888.5	2.01	0
889	2.01	0
889.5	2.01	0
890	2.01	0
890.5	2.01	0
891	2.01	0
891.5	2.01	0
892	2.01	0
892.5	2.01	0
893	2.01	0
893.5	2.01	0
894	2.01	0
894.5	2.01	0
895	2.01	0
895.5	2.01	0
896	2.01	0
896.5	2.01	0
897	2.01	0
897.5	2.01	0
898	2.01	0
898.5	2.01	0
899	2.01	0
899.5	2.01	0
900	2.01	0
900.5	2.01	0
901	2.01	0
901.5	2.01	0
902	2.01	0
902.5	2.01	0
903	2.01	0
903.5	2.01	0
904	2.01	0
904.5	2.01	0
905	2.01	0
905.5	2.01	0
906	2.01	0
906.5	2.01	0
907	2.01	0
907.5	2.01	0
908	2.01	0
908.5	2.01	0
909	2.01	0
909.5	2.01	0
910	2.01	0
910.5	2.01	0
911	2.01	0
911.5	2.01	0
912	2.01	0
912.5	2.01	0
913	2.01	0
913.5	2.01	0
914	2.01	0
914.5	2.01	0
915	2.01	0
915.5	2.01	0
916	2.01	0
916.5	2.01	0
917	2.01	0
917.5	2	0
918	2	0
918.5	2	0
919	2	0
919.5	2	0
920	2	0
920.5	2	0
921	2	0
921.5	2	0
922	2	0
922.5	2	0
923	2	0
923.5	2	0
924	2	0
924.5	2	0
925	2	0
925.5	2	0
926	2	0
926.5	2	0
927	2	0
927.5	2	0
928	2	0
928.5	2	0
929	2	0
929.5	2	0
930	2	0
930.5	2	0
931	2	0
931.5	2	0
932	2	0
932.5	2	0
933	2	0
933.5	2	0
934	2	0
934.5	2	0
935	2	0
935.5	2	0
936	2	0
936.5	2	0
937	2	0
937.5	2	0
938	2	0
938.5	2	0
939	2	0
939.5	2	0
940	2	0
940.5	2	0
941	2	0
941.5	2	0
942	2	0
942.5	2	0
943	2	0
943.5	2	0
944	2	0
944.5	2	0
945	2	0
945.5	2	0
946	2	0
946.5	2	0
947	2	0
947.5	2	0
948	2	0
948.5	2	0
949	2	0
949.5	2	0
950	2	0
950.5	2	0
951	2	0
951.5	2	0
952	2	0
952.5	2	0
953	2	0
953.5	2	0
954	2	0
954.5	2	0
955	2	0
955.5	2	0
956	2	0
956.5	2	0
957	2	0
957.5	2	0
958	2	0
958.5	2	0
959	2	0
959.5	2	0
960	2	0
960.5	2	0
961	2	0
961.5	2	0
962	2	0
962.5	2	0
963	2	0
963.5	2	0
964	2	0
964.5	2	0
965	2	0
965.5	2	0
966	2	0
966.5	2	0
967	2	0
967.5	2	0
968	2	0
968.5	2	0
969	2	0
969.5	2	0
970	2	0
970.5	2	0
971	2	0
971.5	2	0
972	2	0
972.5	2	0
973	2	0
973.5	2	0
974	2	0
974.5	2	0
975	2	0
975.5	2	0
976	2	0
976.5	2	0
977	2	0
977.5	2	0
978	2	0
978.5	2	0
979	2	0
979.5	2	0
980	2	0
980.5	2	0
981	2	0
981.5	2	0
982	2	0
982.5	2	0
983	2	0
983.5	2	0
984	2	0
984.5	2	0
985	2	0
985.5	2	0
986	2	0
986.5	2	0
987	2	0
987.5	2	0
988	2	0
988.5	2	0
989	2	0
989.5	2	0
990	2	0
990.5	2	0
991	2	0
991.5	2	0
992	2	0
992.5	2	0
993	2	0
993.5	2	0
994	2	0
994.5	2	0
995	2	0
995.5	2	0
996	2	0
996.5	2	0
997	2	0
997.5	2	0
998	2	0
998.5	2	0
999	2	0
999.5	2	0
1000	2	0
1000.5	2	0
1001	2	0
1001.5	2	0
1002	2	0
1002.5	2	0
1003	2	0
1003.5	2	0
1004	2	0
1004.5	2	0
1005	2	0
1005.5	2	0
1006	2	0
1006.5	2	0
1007	2	0
1007.5	2	0
1008	2	0
1008.5	2	0
1009	2	0
1009.5	2	0
1010	2	0
1010.5	2	0
1011	2	0
1011.5	2	0
1012	2	0
1012.5	2	0
1013	2	0
1013.5	2	0
1014	2	0
1014.5	2	0
1015	2	0
1015.5	2	0
1016	2	0
1016.5	2	0
1017	2	0
1017.5	2	0
1018	2	0
1018.5	2	0
1019	2	0
1019.5	2	0
1020	2	0
1020.5	2	0
1021	2	0
1021.5	2	0
1022	2	0
1022.5	2	0
1023	2	0
1023.5	2	0
1024	2	0
1024.5	2	0
1025	2	0
1025.5	2	0
1026	2	0
1026.5	2	0
1027	2	0
1027.5	2	0
1028	2	0
1028.5	2	0
1029	2	0
1029.5	2	0
1030	2	0
1030.5	2	0
1031	2	0
1031.5	2	0
1032	2	0
1032.5	2	0
1033	2	0
1033.5	2	0
1034	2	0
1034.5	2	0
1035	2	0
1035.5	2	0
1036	2	0
1036.5	2	0
1037	2	0
1037.5	2	0
1038	2	0
1038.5	2	0
1039	2	0
1039.5	2	0
1040	2	0
1040.5	2	0
1041	2	0
1041.5	2	0
1042	2	0
1042.5	2	0
1043	2	0
1043.5	2	0
1044	2	0
1044.5	2	0
1045	2	0
1045.5	2	0
1046	2	0
1046.5	2	0
1047	2	0
1047.5	2	0
1048	2	0
1048.5	2	0
1049	2	0
1049.5	2	0
1050	2	0
1050.5	2	0
1051	2	0
1051.5	2	0
1052	2	0
1052.5	2	0
1053	2	0
1053.5	2	0
1054	2	0
1054.5	2	0
1055	2	0
1055.5	2	0
1056	2	0
1056.5	2	0
1057	2	0
1057.5	2	0
1058	2	0
1058.5	2	0
1059	2	0
1059.5	2	0
1060	2	0
1060.5	2	0
1061	2	0
1061.5	2	0
1062	2	0
1062.5	2	0
1063	2	0
1063.5	2	0
1064	2	0
1064.5	2	0
1065	2	0
1065.5	2	0
1066	2	0
1066.5	2	0
1067	2	0
1067.5	2	0
1068	2	0
1068.5	2	0
1069	2	0
1069.5	2	0
1070	2	0
1070.5	2	0
1071	2	0
1071.5	2	0
1072	2	0
1072.5	2	0
1073	2	0
1073.5	2	0
1074	2	0
1074.5	2	0
1075	2	0
1075.5	2	0
1076	2	0
1076.5	2	0
1077	2	0
1077.5	2	0
1078	2	0
1078.5	2	0
1079	2	0
1079.5	2	0
1080	2	0
1080.5	2	0
1081	2	0
1081.5	2	0
1082	2	0
1082.5	2	0
1083	2	0
1083.5	2	0
1084	2	0
1084.5	2	0
1085	2	0
1085.5	2	0
1086	2	0
1086.5	2	0
1087	2	0
1087.5	2	0
1088	2	0
1088.5	2	0
1089	2	0
1089.5	2	0
1090	2	0
1090.5	2	0
1091	2	0
1091.5	2	0
1092	2	0
1092.5	2	0
1093	2	0
1093.5	2	0
1094	2	0
1094.5	2	0
1095	2	0
1095.5	2	0
1096	2	0
1096.5	2	0
1097	2	0
1097.5	2	0
1098	2	0
1098.5	2	0
1099	2	0
1099.5	2	0
1100	2	0
1100.5	2	0
1101	2	0
1101.5	2	0
1102	2	0
1102.5	2	0
1103	2	0
1103.5	2	0
1104	2	0
1104.5	2	0
1105	2	0
1105.5	2	0
1106	2	0
1106.5	2	0
1107	2	0
1107.5	2	0
1108	2	0
1108.5	2	0
1109	2	0
1109.5	2	0
1110	2	0
1110.5	2	0
1111	2	0
1111.5	2	0
1112	2	0
1112.5	2	0
1113	2	0
1113.5	2	0
1114	2	0
1114.5	2	0
1115	2	0
1115.5	2	0
1116	2	0
1116.5	2	0
1117	2	0
1117.5	2	0
1118	2	0
1118.5	2	0
1119	2	0
1119.5	2	0
1120	2	0
1120.5	2	0
1121	2	0
1121.5	2	0
1122	2	0
1122.5	2	0
1123	2	0
1123.5	2	0
1124	2	0
1124.5	2	0
1125	2	0
1125.5	2	0
1126	2	0
1126.5	2	0
1127	2	0
1127.5	2	0
1128	2	0
1128.5	2	0
1129	2	0
1129.5	2	0
1130	2	0
1130.5	2	0
1131	2	0
1131.5	2	0
1132	2	0
1132.5	2	0
1133	2	0
1133.5	2	0
1134	2	0
1134.5	2	0
1135	2	0
1135.5	2	0
1136	2	0
1136.5	2	0
1137	2	0
1137.5	2	0
1138	2	0
1138.5	2	0
1139	2	0
1139.5	2	0
1140	2	0
1140.5	2	0
1141	2	0
1141.5	2	0
1142	2	0
1142.5	2	0
1143	2	0
1143.5	2	0
1144	2	0
1144.5	2	0
1145	2	0
1145.5	2	0
1146	2	0
1146.5	2	0
1147	2	0
1147.5	2	0
1148	2	0
1148.5	2	0
1149	2	0
1149.5	2	0
1150	2	0
1150.5	2	0
1151	2	0
1151.5	2	0
1152	2	0
1152.5	2	0
1153	2	0
1153.5	2	0
1154	2	0
1154.5	2	0
1155	2	0
1155.5	2	0
1156	2	0
1156.5	2	0
1157	2	0
1157.5	2	0
1158	2	0
1158.5	2	0
1159	2	0
1159.5	2	0
1160	2	0
1160.5	2	0
1161	2	0
1161.5	2	0
1162	2	0
1162.5	2	0
1163	2	0
1163.5	2	0
1164	2	0
1164.5	2	0
1165	2	0
1165.5	2	0
1166	2	0
1166.5	2	0
1167	2	0
1167.5	2	0
1168	2	0
1168.5	2	0
1169	2	0
1169.5	2	0
1170	2	0
1170.5	2	0
1171	2	0
1171.5	2	0
1172	2	0
1172.5	2	0
1173	2	0
1173.5	2	0
1174	2	0
1174.5	2	0
1175	2	0
1175.5	2	0
1176	2	0
1176.5	2	0
1177	2	0
1177.5	2	0
1178	2	0
1178.5	2	0
1179	2	0
1179.5	2	0
1180	2	0
1180.5	2	0
1181	2	0
1181.5	2	0
1182	2	0
1182.5	2	0
1183	2	0
1183.5	2	0
1184	2	0
1184.5	2	0
1185	2	0
1185.5	2	0
1186	2	0
1186.5	2	0
1187	2	0
1187.5	2	0
1188	2	0
1188.5	2	0
1189	2	0
1189.5	2	0
1190	2	0
1190.5	2	0
1191	2	0
1191.5	2	0
1192	2	0
1192.5	2	0
1193	2	0
1193.5	2	0
1194	2	0
1194.5	2	0
1195	2	0
1195.5	2	0
1196	2	0
1196.5	2	0
1197	2	0
1197.5	2	0
1198	2	0
1198.5	2	0
1199	2	0
1199.5	2	0
1200	2	0
1200.5	2	0
1201	2	0
1201.5	2	0
1202	2	0
1202.5	2	0
1203	2	0
1203.5	2	0
1204	2	0
1204.5	2	0
1205	2	0
1205.5	2	0
1206	2	0
1206.5	2	0
1207	2	0
1207.5	2	0
1208	2	0
1208.5	2	0
1209	2	0
1209.5	2	0
1210	2	0
1210.5	2	0
1211	2	0
1211.5	2	0
1212	2	0
1212.5	2	0
1213	2	0
1213.5	2	0
1214	2	0
1214.5	2	0
1215	2	0
1215.5	2	0
1216	2	0
1216.5	2	0
1217	2	0
1217.5	2	0
1218	2	0
1218.5	2	0
1219	2	0
1219.5	2	0
1220	2	0
1220.5	2	0
1221	2	0
1221.5	2	0
1222	2	0
1222.5	2	0
1223	2	0
1223.5	2	0
1224	2	0
1224.5	2	0
1225	2	0
1225.5	2	0
1226	2	0
1226.5	2	0
1227	2	0
1227.5	2	0
1228	2	0
1228.5	2	0
1229	2	0
1229.5	2	0
1230	2	0
1230.5	2	0
1231	2	0
1231.5	2	0
1232	2	0
1232.5	2	0
1233	2	0
1233.5	2	0
1234	2	0
1234.5	2	0
1235	2	0
1235.5	2	0
1236	2	0
1236.5	2	0
1237	2	0
1237.5	2	0
1238	2	0
1238.5	2	0
1239	2	0
1239.5	2	0
1240	2	0
1240.5	2	0
1241	2	0
1241.5	2	0
1242	2	0
1242.5	2	0
1243	2	0
1243.5	2	0
1244	2	0
1244.5	2	0
1245	2	0
1245.5	2	0
1246	2	0
1246.5	2	0
1247	2	0
1247.5	2	0
1248	2	0
1248.5	2	0
1249	2	0
1249.5	2	0
1250	2	0
1250.5	2	0
1251	2	0
1251.5	2	0
1252	2	0
1252.5	2	0
1253	2	0
1253.5	2	0
1254	2	0
1254.5	2	0
1255	2	0
1255.5	2	0
1256	2	0
1256.5	2	0
1257	2	0
1257.5	2	0
1258	2	0
1258.5	2	0
1259	2	0
1259.5	2	0
1260	2	0
1260.5	2	0
1261	2	0
1261.5	2	0
1262	2	0
1262.5	2	0
1263	2	0
1263.5	2	0
1264	2	0
1264.5	2	0
1265	2	0
1265.5	2	0
1266	2	0
1266.5	2	0
1267	2	0
1267.5	2	0
1268	2	0
1268.5	2	0
1269	2	0
1269.5	2	0
1270	2	0
1270.5	2	0
1271	2	0
1271.5	2	0
1272	2	0
1272.5	2	0
1273	2	0
1273.5	2	0
1274	2	0
1274.5	2	0
1275	2	0
1275.5	1.99	0
1276	1.99	0
1276.5	1.99	0
1277	1.99	0
1277.5	1.99	0
1278	1.99	0
1278.5	1.99	0
1279	1.99	0
1279.5	1.99	0
1280	1.99	0
1280.5	1.99	0
1281	1.99	0
1281.5	1.99	0
1282	1.99	0
1282.5	1.99	0
1283	1.99	0
1283.5	1.99	0
1284	1.99	0
1284.5	1.99	0
1285	1.99	0
1285.5	1.99	0
1286	1.99	0
1286.5	1.99	0
1287	1.99	0
1287.5	1.99	0
1288	1.99	0
1288.5	1.99	0
1289	1.99	0
1289.5	1.99	0
1290	1.99	0
1290.5	1.99	0
1291	1.99	0
1291.5	1.99	0
1292	1.99	0
1292.5	1.99	0
1293	1.99	0
1293.5	1.99	0
1294	1.99	0
1294.5	1.99	0
1295	1.99	0
1295.5	1.99	0
1296	1.99	0
1296.5	1.99	0
1297	1.99	0
1297.5	1.99	0
1298	1.99	0
1298.5	1.99	0
1299	1.99	0
1299.5	1.99	0
1300	1.99	0
1300.5	1.99	0
1301	1.99	0
1301.5	1.99	0
1302	1.99	0
1302.5	1.99	0
1303	1.99	0
1303.5	1.99	0
1304	1.99	0
1304.5	1.99	0
1305	1.99	0
1305.5	1.99	0
1306	1.99	0
1306.5	1.99	0
1307	1.99	0
1307.5	1.99	0
1308	1.99	0
1308.5	1.99	0
1309	1.99	0
1309.5	1.99	0
1310	1.99	0
1310.5	1.99	0
1311	1.99	0
1311.5	1.99	0
1312	1.99	0
1312.5	1.99	0
1313	1.99	0
1313.5	1.99	0
1314	1.99	0
1314.5	1.99	0
1315	1.99	0
1315.5	1.99	0
1316	1.99	0
1316.5	1.99	0
1317	1.99	0
1317.5	1.99	0
1318	1.99	0
1318.5	1.99	0
1319	1.99	0
1319.5	1.99	0
1320	1.99	0
1320.5	1.99	0
1321	1.99	0
1321.5	1.99	0
1322	1.99	0
1322.5	1.99	0
1323	1.99	0
1323.5	1.99	0
1324	1.99	0
1324.5	1.99	0
1325	1.99	0
1325.5	1.99	0
1326	1.99	0
1326.5	1.99	0
1327	1.99	0
1327.5	1.99	0
1328	1.99	0
1328.5	1.99	0
1329	1.99	0
1329.5	1.99	0
1330	1.99	0
1330.5	1.99	0
1331	1.99	0
1331.5	1.99	0
1332	1.99	0
1332.5	1.99	0
1333	1.99	0
1333.5	1.99	0
1334	1.99	0
1334.5	1.99	0
1335	1.99	0
1335.5	1.99	0
1336	1.99	0
1336.5	1.99	0
1337	1.99	0
1337.5	1.99	0
1338	1.99	0
1338.5	1.99	0
1339	1.99	0
1339.5	1.99	0
1340	1.99	0
1340.5	1.99	0
1341	1.99	0
1341.5	1.99	0
1342	1.99	0
1342.5	1.99	0
1343	1.99	0
1343.5	1.99	0
1344	1.99	0
1344.5	1.99	0
1345	1.99	0
1345.5	1.99	0
1346	1.99	0
1346.5	1.99	0
1347	1.99	0
1347.5	1.99	0
1348	1.99	0
1348.5	1.99	0
1349	1.99	0
1349.5	1.99	0
1350	1.99	0
1350.5	1.99	0
1351	1.99	0
1351.5	1.99	0
1352	1.99	0
1352.5	1.99	0
1353	1.99	0
1353.5	1.99	0
1354	1.99	0
1354.5	1.99	0
1355	1.99	0
1355.5	1.99	0
1356	1.99	0
1356.5	1.99	0
1357	1.99	0
1357.5	1.99	0
1358	1.99	0
1358.5	1.99	0
1359	1.99	0
1359.5	1.99	0
1360	1.99	0
1360.5	1.99	0
1361	1.99	0
1361.5	1.99	0
1362	1.99	0
1362.5	1.99	0
1363	1.99	0
1363.5	1.99	0
1364	1.99	0
1364.5	1.99	0
1365	1.99	0
1365.5	1.99	0
1366	1.99	0
1366.5	1.99	0
1367	1.99	0
1367.5	1.99	0
1368	1.99	0
1368.5	1.99	0
1369	1.99	0
1369.5	1.99	0
1370	1.99	0
1370.5	1.99	0
1371	1.99	0
1371.5	1.99	0
1372	1.99	0
1372.5	1.99	0
1373	1.99	0
1373.5	1.99	0
1374	1.99	0
1374.5	1.99	0
1375	1.99	0
1375.5	1.99	0
1376	1.99	0
1376.5	1.99	0
1377	1.99	0
1377.5	1.99	0
1378	1.99	0
1378.5	1.99	0
1379	1.99	0
1379.5	1.99	0
1380	1.99	0
1380.5	1.99	0
1381	1.99	0
1381.5	1.99	0
1382	1.99	0
1382.5	1.99	0
1383	1.99	0
1383.5	1.99	0
1384	1.99	0
1384.5	1.99	0
1385	1.99	0
1385.5	1.99	0
1386	1.99	0
1386.5	1.99	0
1387	1.99	0
1387.5	1.99	0
1388	1.99	0
1388.5	1.99	0
1389	1.99	0
1389.5	1.99	0
1390	1.99	0
1390.5	1.99	0
1391	1.99	0
1391.5	1.99	0
1392	1.99	0
1392.5	1.99	0
1393	1.99	0
1393.5	1.99	0
1394	1.99	0
1394.5	1.99	0
1395	1.99	0
1395.5	1.99	0
1396	1.99	0
1396.5	1.99	0
1397	1.99	0
1397.5	1.99	0
1398	1.99	0
1398.5	1.99	0
1399	1.99	0
1399.5	1.99	0
1400	1.99	0
1400.5	1.99	0
1401	1.99	0
1401.5	1.99	0
1402	1.99	0
1402.5	1.99	0
1403	1.99	0
1403.5	1.99	0
1404	1.99	0
1404.5	1.99	0
1405	1.99	0
1405.5	1.99	0
1406	1.99	0
1406.5	1.99	0
1407	1.99	0
1407.5	1.99	0
1408	1.99	0
1408.5	1.99	0
1409	1.99	0
1409.5	1.99	0
1410	1.99	0
1410.5	1.99	0
1411	1.99	0
1411.5	1.99	0
1412	1.99	0
1412.5	1.99	0
1413	1.99	0
1413.5	1.99	0
1414	1.99	0
1414.5	1.99	0
1415	1.99	0
1415.5	1.99	0
1416	1.99	0
1416.5	1.99	0
1417	1.99	0
1417.5	1.99	0
1418	1.99	0
1418.5	1.99	0
1419	1.99	0
1419.5	1.99	0
1420	1.99	0
1420.5	1.99	0
1421	1.99	0
1421.5	1.99	0
1422	1.99	0
1422.5	1.99	0
1423	1.99	0
1423.5	1.99	0
1424	1.99	0
1424.5	1.99	0
1425	1.99	0
1425.5	1.99	0
1426	1.99	0
1426.5	1.99	0
1427	1.99	0
1427.5	1.99	0
1428	1.99	0
1428.5	1.99	0
1429	1.99	0
1429.5	1.99	0
1430	1.99	0
1430.5	1.99	0
1431	1.99	0
1431.5	1.99	0
1432	1.99	0
1432.5	1.99	0
1433	1.99	0
1433.5	1.99	0
1434	1.99	0
1434.5	1.99	0
1435	1.99	0
1435.5	1.99	0
1436	1.99	0
1436.5	1.99	0
1437	1.99	0
1437.5	1.99	0
1438	1.99	0
1438.5	1.99	0
1439	1.99	0
1439.5	1.99	0
1440	1.99	0
1440.5	1.99	0
1441	1.99	0
1441.5	1.99	0
1442	1.99	0
1442.5	1.99	0
1443	1.99	0
1443.5	1.99	0
1444	1.99	0
1444.5	1.99	0
1445	1.99	0
1445.5	1.99	0
1446	1.99	0
1446.5	1.99	0
1447	1.99	0
1447.5	1.99	0
1448	1.99	0
1448.5	1.99	0
1449	1.99	0
1449.5	1.99	0
1450	1.99	0
1450.5	1.99	0
1451	1.99	0
1451.5	1.99	0
1452	1.99	0
1452.5	1.99	0
1453	1.99	0
1453.5	1.99	0
1454	1.99	0
1454.5	1.99	0
1455	1.99	0
1455.5	1.99	0
1456	1.99	0
1456.5	1.99	0
1457	1.99	0
1457.5	1.99	0
1458	1.99	0
1458.5	1.99	0
1459	1.99	0
1459.5	1.99	0
1460	1.99	0
1460.5	1.99	0
1461	1.99	0
1461.5	1.99	0
1462	1.99	0
1462.5	1.99	0
1463	1.99	0
1463.5	1.99	0
1464	1.99	0
1464.5	1.99	0
1465	1.99	0
1465.5	1.99	0
1466	1.99	0
1466.5	1.99	0
1467	1.99	0
1467.5	1.99	0
1468	1.99	0
1468.5	1.99	0
1469	1.99	0
1469.5	1.99	0
1470	1.99	0
1470.5	1.99	0
1471	1.99	0
1471.5	1.99	0
1472	1.99	0
1472.5	1.99	0
1473	1.99	0
1473.5	1.99	0
1474	1.99	0
1474.5	1.99	0
1475	1.99	0
1475.5	1.99	0
1476	1.99	0
1476.5	1.99	0
1477	1.99	0
1477.5	1.99	0
1478	1.99	0
1478.5	1.99	0
1479	1.99	0
1479.5	1.99	0
1480	1.99	0
1480.5	1.99	0
1481	1.99	0
1481.5	1.99	0
1482	1.99	0
1482.5	1.99	0
1483	1.99	0
1483.5	1.99	0
1484	1.99	0
1484.5	1.99	0
1485	1.99	0
1485.5	1.99	0
1486	1.99	0
1486.5	1.99	0
1487	1.99	0
1487.5	1.99	0
1488	1.99	0
1488.5	1.99	0
1489	1.99	0
1489.5	1.99	0
1490	1.99	0
1490.5	1.99	0
1491	1.99	0
1491.5	1.99	0
1492	1.99	0
1492.5	1.99	0
1493	1.99	0
1493.5	1.99	0
1494	1.99	0
1494.5	1.99	0
1495	1.99	0
1495.5	1.99	0
1496	1.99	0
1496.5	1.99	0
1497	1.99	0
1497.5	1.99	0
1498	1.99	0
1498.5	1.99	0
1499	1.99	0
1499.5	1.99	0
1500	1.99	0
1500.5	1.99	0
1501	1.99	0
1501.5	1.99	0
1502	1.99	0
1502.5	1.99	0
1503	1.99	0
1503.5	1.99	0
1504	1.99	0
1504.5	1.99	0
1505	1.99	0
1505.5	1.99	0
1506	1.99	0
1506.5	1.99	0
1507	1.99	0
1507.5	1.99	0
1508	1.99	0
1508.5	1.99	0
1509	1.99	0
1509.5	1.99	0
1510	1.99	0
1510.5	1.99	0
1511	1.99	0
1511.5	1.99	0
1512	1.99	0
1512.5	1.99	0
1513	1.99	0
1513.5	1.99	0
1514	1.99	0
1514.5	1.99	0
1515	1.99	0
1515.5	1.99	0
1516	1.99	0
1516.5	1.99	0
1517	1.99	0
1517.5	1.99	0
1518	1.99	0
1518.5	1.99	0
1519	1.99	0
1519.5	1.99	0
1520	1.99	0
1520.5	1.99	0
1521	1.99	0
1521.5	1.99	0
1522	1.99	0
1522.5	1.99	0
1523	1.99	0
1523.5	1.99	0
1524	1.99	0
1524.5	1.99	0
1525	1.99	0
1525.5	1.99	0
1526	1.99	0
1526.5	1.99	0
1527	1.99	0
1527.5	1.99	0
1528	1.99	0
1528.5	1.99	0
1529	1.99	0
1529.5	1.99	0
1530	1.99	0
1530.5	1.99	0
1531	1.99	0
1531.5	1.99	0
1532	1.99	0
1532.5	1.99	0
1533	1.99	0
1533.5	1.99	0
1534	1.99	0
1534.5	1.99	0
1535	1.99	0
1535.5	1.99	0
1536	1.99	0
1536.5	1.99	0
1537	1.99	0
1537.5	1.99	0
1538	1.99	0
1538.5	1.99	0
1539	1.99	0
1539.5	1.99	0
1540	1.99	0
1540.5	1.99	0
1541	1.99	0
1541.5	1.99	0
1542	1.99	0
1542.5	1.99	0
1543	1.99	0
1543.5	1.99	0
1544	1.99	0
1544.5	1.99	0
1545	1.99	0
1545.5	1.99	0
1546	1.99	0
1546.5	1.99	0
1547	1.99	0
1547.5	1.99	0
1548	1.99	0
1548.5	1.99	0
1549	1.99	0
1549.5	1.99	0
1550	1.99	0
1550.5	1.99	0
1551	1.99	0
1551.5	1.99	0
1552	1.99	0
1552.5	1.99	0
1553	1.99	0
1553.5	1.99	0
1554	1.99	0
1554.5	1.99	0
1555	1.99	0
1555.5	1.99	0
1556	1.99	0
1556.5	1.99	0
1557	1.99	0
1557.5	1.99	0
1558	1.99	0
1558.5	1.99	0
1559	1.99	0
1559.5	1.99	0
1560	1.99	0
1560.5	1.99	0
1561	1.99	0
1561.5	1.99	0
1562	1.99	0
1562.5	1.99	0
1563	1.99	0
1563.5	1.99	0
1564	1.99	0
1564.5	1.99	0
1565	1.99	0
1565.5	1.99	0
1566	1.99	0
1566.5	1.99	0
1567	1.99	0
1567.5	1.99	0
1568	1.99	0
1568.5	1.99	0
1569	1.99	0
1569.5	1.99	0
1570	1.99	0
1570.5	1.99	0
1571	1.99	0
1571.5	1.99	0
1572	1.99	0
1572.5	1.99	0
1573	1.99	0
1573.5	1.99	0
1574	1.99	0
1574.5	1.99	0
1575	1.99	0
1575.5	1.99	0
1576	1.99	0
1576.5	1.99	0
1577	1.99	0
1577.5	1.99	0
1578	1.99	0
1578.5	1.99	0
1579	1.99	0
1579.5	1.99	0
1580	1.99	0
1580.5	1.99	0
1581	1.99	0
1581.5	1.99	0
1582	1.99	0
1582.5	1.99	0
1583	1.99	0
1583.5	1.99	0
1584	1.99	0
1584.5	1.99	0
1585	1.99	0
1585.5	1.99	0
1586	1.99	0
1586.5	1.99	0
1587	1.99	0
1587.5	1.99	0
1588	1.99	0
1588.5	1.99	0
1589	1.99	0
1589.5	1.99	0
1590	1.99	0
1590.5	1.99	0
1591	1.99	0
1591.5	1.99	0
1592	1.99	0
1592.5	1.99	0
1593	1.99	0
1593.5	1.99	0
1594	1.99	0
1594.5	1.99	0
1595	1.99	0
1595.5	1.99	0
1596	1.99	0
1596.5	1.99	0
1597	1.99	0
1597.5	1.99	0
1598	1.99	0
1598.5	1.99	0
1599	1.99	0
1599.5	1.99	0
1600	1.99	0
1600.5	1.99	0
1601	1.99	0
1601.5	1.99	0
1602	1.99	0
1602.5	1.99	0
1603	1.99	0
1603.5	1.99	0
1604	1.99	0
1604.5	1.99	0
1605	1.99	0
1605.5	1.99	0
1606	1.99	0
1606.5	1.99	0
1607	1.99	0
1607.5	1.99	0
1608	1.99	0
1608.5	1.99	0
1609	1.99	0
1609.5	1.99	0
1610	1.99	0
1610.5	1.99	0
1611	1.99	0
1611.5	1.99	0
1612	1.99	0
1612.5	1.99	0
1613	1.99	0
1613.5	1.99	0
1614	1.99	0
1614.5	1.99	0
1615	1.99	0
1615.5	1.99	0
1616	1.99	0
1616.5	1.99	0
1617	1.99	0
1617.5	1.99	0
1618	1.99	0
1618.5	1.99	0
1619	1.99	0
1619.5	1.99	0
1620	1.99	0
1620.5	1.99	0
1621	1.99	0
1621.5	1.99	0
1622	1.99	0
1622.5	1.99	0
1623	1.99	0
1623.5	1.99	0
1624	1.99	0
1624.5	1.99	0
1625	1.99	0
1625.5	1.99	0
1626	1.99	0
1626.5	1.99	0
1627	1.99	0
1627.5	1.99	0
1628	1.99	0
1628.5	1.99	0
1629	1.99	0
1629.5	1.99	0
1630	1.99	0
1630.5	1.99	0
1631	1.99	0
1631.5	1.99	0
1632	1.99	0
1632.5	1.99	0
1633	1.99	0
1633.5	1.99	0
1634	1.99	0
1634.5	1.99	0
1635	1.99	0
1635.5	1.99	0
1636	1.99	0
1636.5	1.99	0
1637	1.99	0
1637.5	1.99	0
1638	1.99	0
1638.5	1.99	0
1639	1.99	0
1639.5	1.99	0
1640	1.99	0
1640.5	1.99	0
1641	1.99	0
1641.5	1.99	0
1642	1.99	0
1642.5	1.99	0
1643	1.99	0
1643.5	1.99	0
1644	1.99	0
1644.5	1.99	0
1645	1.99	0
1645.5	1.99	0
1646	1.99	0
1646.5	1.99	0
1647	1.99	0
1647.5	1.99	0
1648	1.99	0
1648.5	1.99	0
1649	1.99	0
1649.5	1.99	0
1650	1.99	0
1650.5	1.99	0
1651	1.99	0
1651.5	1.99	0
1652	1.99	0
1652.5	1.99	0
1653	1.99	0
1653.5	1.99	0
1654	1.99	0
1654.5	1.99	0
1655	1.99	0
1655.5	1.99	0
1656	1.99	0
1656.5	1.99	0
1657	1.99	0
1657.5	1.99	0
1658	1.99	0
1658.5	1.99	0
1659	1.99	0
1659.5	1.99	0
1660	1.99	0
1660.5	1.99	0
1661	1.99	0
1661.5	1.99	0
1662	1.99	0
1662.5	1.99	0
1663	1.99	0
1663.5	1.99	0
1664	1.99	0
1664.5	1.99	0
1665	1.99	0
1665.5	1.99	0
1666	1.99	0
1666.5	1.99	0
1667	1.99	0
1667.5	1.99	0
1668	1.99	0
1668.5	1.99	0
1669	1.99	0
1669.5	1.99	0
1670	1.99	0
1670.5	1.99	0
1671	1.99	0
1671.5	1.99	0
1672	1.99	0
1672.5	1.99	0
1673	1.99	0
1673.5	1.99	0
1674	1.99	0
1674.5	1.99	0
1675	1.99	0
1675.5	1.99	0
1676	1.99	0
1676.5	1.99	0
1677	1.99	0
1677.5	1.99	0
1678	1.99	0
1678.5	1.99	0
1679	1.99	0
1679.5	1.99	0
1680	1.99	0
1680.5	1.99	0
1681	1.99	0
1681.5	1.99	0
1682	1.99	0
1682.5	1.99	0
1683	1.99	0
1683.5	1.99	0
1684	1.99	0
1684.5	1.99	0
1685	1.99	0
1685.5	1.99	0
1686	1.99	0
1686.5	1.99	0
1687	1.99	0
1687.5	1.99	0
1688	1.99	0
1688.5	1.99	0
1689	1.99	0
1689.5	1.99	0
1690	1.99	0
1690.5	1.99	0
1691	1.99	0
1691.5	1.99	0
1692	1.99	0
1692.5	1.99	0
1693	1.99	0
1693.5	1.99	0
1694	1.99	0
1694.5	1.99	0
1695	1.99	0
1695.5	1.99	0
1696	1.99	0
1696.5	1.99	0
1697	1.99	0
1697.5	1.99	0
1698	1.99	0
1698.5	1.99	0
1699	1.99	0
1699.5	1.99	0
1700	1.99	0
1700.5	1.99	0
1701	1.99	0
1701.5	1.99	0
1702	1.99	0
1702.5	1.99	0
1703	1.99	0
1703.5	1.99	0
1704	1.99	0
1704.5	1.99	0
1705	1.99	0
1705.5	1.99	0
1706	1.99	0
1706.5	1.99	0
1707	1.99	0
1707.5	1.99	0
1708	1.99	0
1708.5	1.99	0
1709	1.99	0
1709.5	1.99	0
1710	1.99	0
1710.5	1.99	0
1711	1.99	0
1711.5	1.99	0
1712	1.99	0
1712.5	1.99	0
1713	1.99	0
1713.5	1.99	0
1714	1.99	0
1714.5	1.99	0
1715	1.99	0
1715.5	1.99	0
1716	1.99	0
1716.5	1.99	0
1717	1.99	0
1717.5	1.99	0
1718	1.99	0
1718.5	1.99	0
1719	1.99	0
1719.5	1.99	0
1720	1.99	0
1720.5	1.99	0
1721	1.99	0
1721.5	1.99	0
1722	1.99	0
1722.5	1.99	0
1723	1.99	0
1723.5	1.99	0
1724	1.99	0
1724.5	1.99	0
1725	1.99	0
1725.5	1.99	0
1726	1.99	0
1726.5	1.99	0
1727	1.99	0
1727.5	1.99	0
1728	1.99	0
1728.5	1.99	0
1729	1.99	0
1729.5	1.99	0
1730	1.99	0
1730.5	1.99	0
1731	1.99	0
1731.5	1.99	0
1732	1.99	0
1732.5	1.99	0
1733	1.99	0
1733.5	1.99	0
1734	1.99	0
1734.5	1.99	0
1735	1.99	0
1735.5	1.99	0
1736	1.99	0
1736.5	1.99	0
1737	1.99	0
1737.5	1.99	0
1738	1.99	0
1738.5	1.99	0
1739	1.99	0
1739.5	1.99	0
1740	1.99	0
1740.5	1.99	0
1741	1.99	0
1741.5	1.99	0
1742	1.99	0
1742.5	1.99	0
1743	1.99	0
1743.5	1.99	0
1744	1.99	0
1744.5	1.99	0
1745	1.99	0
1745.5	1.99	0
1746	1.99	0
1746.5	1.99	0
1747	1.99	0
1747.5	1.99	0
1748	1.99	0
1748.5	1.99	0
1749	1.99	0
1749.5	1.99	0
1750	1.99	0
1750.5	1.99	0
1751	1.99	0
1751.5	1.99	0
1752	1.99	0
1752.5	1.99	0
1753	1.99	0
1753.5	1.99	0
1754	1.99	0
1754.5	1.99	0
1755	1.99	0
1755.5	1.99	0
1756	1.99	0
1756.5	1.99	0
1757	1.99	0
1757.5	1.99	0
1758	1.99	0
1758.5	1.99	0
1759	1.99	0
1759.5	1.99	0
1760	1.99	0
1760.5	1.99	0
1761	1.99	0
1761.5	1.99	0
1762	1.99	0
1762.5	1.99	0
1763	1.99	0
1763.5	1.99	0
1764	1.99	0
1764.5	1.99	0
1765	1.99	0
1765.5	1.99	0
1766	1.99	0
1766.5	1.99	0
1767	1.99	0
1767.5	1.99	0
1768	1.99	0
1768.5	1.99	0
1769	1.99	0
1769.5	1.99	0
1770	1.99	0
1770.5	1.99	0
1771	1.99	0
1771.5	1.99	0
1772	1.99	0
1772.5	1.99	0
1773	1.99	0
1773.5	1.99	0
1774	1.99	0
1774.5	1.99	0
1775	1.99	0
1775.5	1.98	0
1776	1.98	0
1776.5	1.98	0
1777	1.98	0
1777.5	1.98	0
1778	1.98	0
1778.5	1.98	0
1779	1.98	0
1779.5	1.98	0
1780	1.98	0
1780.5	1.98	0
1781	1.98	0
1781.5	1.98	0
1782	1.98	0
1782.5	1.98	0
1783	1.98	0
1783.5	1.98	0
1784	1.98	0
1784.5	1.98	0
1785	1.98	0
1785.5	1.98	0
1786	1.98	0
1786.5	1.98	0
1787	1.98	0
1787.5	1.98	0
1788	1.98	0
1788.5	1.98	0
1789	1.98	0
1789.5	1.98	0
1790	1.98	0
1790.5	1.98	0
1791	1.98	0
1791.5	1.98	0
1792	1.98	0
1792.5	1.98	0
1793	1.98	0
1793.5	1.98	0
1794	1.98	0
1794.5	1.98	0
1795	1.98	0
1795.5	1.98	0
1796	1.98	0
1796.5	1.98	0
1797	1.98	0
1797.5	1.98	0
1798	1.98	0
1798.5	1.98	0
1799	1.98	0
1799.5	1.98	0
1800	1.98	0
1800.5	1.98	0
1801	1.98	0
1801.5	1.98	0
1802	1.98	0
1802.5	1.98	0
1803	1.98	0
1803.5	1.98	0
1804	1.98	0
1804.5	1.98	0
1805	1.98	0
1805.5	1.98	0
1806	1.98	0
1806.5	1.98	0
1807	1.98	0
1807.5	1.98	0
1808	1.98	0
1808.5	1.98	0
1809	1.98	0
1809.5	1.98	0
1810	1.98	0
1810.5	1.98	0
1811	1.98	0
1811.5	1.98	0
1812	1.98	0
1812.5	1.98	0
1813	1.98	0
1813.5	1.98	0
1814	1.98	0
1814.5	1.98	0
1815	1.98	0
1815.5	1.98	0
1816	1.98	0
1816.5	1.98	0
1817	1.98	0
1817.5	1.98	0
1818	1.98	0
1818.5	1.98	0
1819	1.98	0
1819.5	1.98	0
1820	1.98	0
1820.5	1.98	0
1821	1.98	0
1821.5	1.98	0
1822	1.98	0
1822.5	1.98	0
1823	1.98	0
1823.5	1.98	0
1824	1.98	0
1824.5	1.98	0
1825	1.98	0
1825.5	1.98	0
1826	1.98	0
1826.5	1.98	0
1827	1.98	0
1827.5	1.98	0
1828	1.98	0
1828.5	1.98	0
1829	1.98	0
1829.5	1.98	0
1830	1.98	0
1830.5	1.98	0
1831	1.98	0
1831.5	1.98	0
1832	1.98	0
1832.5	1.98	0
1833	1.98	0
1833.5	1.98	0
1834	1.98	0
1834.5	1.98	0
1835	1.98	0
1835.5	1.98	0
1836	1.98	0
1836.5	1.98	0
1837	1.98	0
1837.5	1.98	0
1838	1.98	0
1838.5	1.98	0
1839	1.98	0
1839.5	1.98	0
1840	1.98	0
1840.5	1.98	0
1841	1.98	0
1841.5	1.98	0
1842	1.98	0
1842.5	1.98	0
1843	1.98	0
1843.5	1.98	0
1844	1.98	0
1844.5	1.98	0
1845	1.98	0
1845.5	1.98	0
1846	1.98	0
1846.5	1.98	0
1847	1.98	0
1847.5	1.98	0
1848	1.98	0
1848.5	1.98	0
1849	1.98	0
1849.5	1.98	0
1850	1.98	0
1850.5	1.98	0
1851	1.98	0
1851.5	1.98	0
1852	1.98	0
1852.5	1.98	0
1853	1.98	0
1853.5	1.98	0
1854	1.98	0
1854.5	1.98	0
1855	1.98	0
1855.5	1.98	0
1856	1.98	0
1856.5	1.98	0
1857	1.98	0
1857.5	1.98	0
1858	1.98	0
1858.5	1.98	0
1859	1.98	0
1859.5	1.98	0
1860	1.98	0
1860.5	1.98	0
1861	1.98	0
1861.5	1.98	0
1862	1.98	0
1862.5	1.98	0
1863	1.98	0
1863.5	1.98	0
1864	1.98	0
1864.5	1.98	0
1865	1.98	0
1865.5	1.98	0
1866	1.98	0
1866.5	1.98	0
1867	1.98	0
1867.5	1.98	0
1868	1.98	0
1868.5	1.98	0
1869	1.98	0
1869.5	1.98	0
1870	1.98	0
1870.5	1.98	0
1871	1.98	0
1871.5	1.98	0
1872	1.98	0
1872.5	1.98	0
1873	1.98	0
1873.5	1.98	0
1874	1.98	0
1874.5	1.98	0
1875	1.98	0
1875.5	1.98	0
1876	1.98	0
1876.5	1.98	0
1877	1.98	0
1877.5	1.98	0
1878	1.98	0
1878.5	1.98	0
1879	1.98	0
1879.5	1.98	0
1880	1.98	0
1880.5	1.98	0
1881	1.98	0
1881.5	1.98	0
1882	1.98	0
1882.5	1.98	0
1883	1.98	0
1883.5	1.98	0
1884	1.98	0
1884.5	1.98	0
1885	1.98	0
1885.5	1.98	0
1886	1.98	0
1886.5	1.98	0
1887	1.98	0
1887.5	1.98	0
1888	1.98	0
1888.5	1.98	0
1889	1.98	0
1889.5	1.98	0
1890	1.98	0
1890.5	1.98	0
1891	1.98	0
1891.5	1.98	0
1892	1.98	0
1892.5	1.98	0
1893	1.98	0
1893.5	1.98	0
1894	1.98	0
1894.5	1.98	0
1895	1.98	0
1895.5	1.98	0
1896	1.98	0
1896.5	1.98	0
1897	1.98	0
1897.5	1.98	0
1898	1.98	0
1898.5	1.98	0
1899	1.98	0
1899.5	1.98	0
1900	1.98	0
1900.5	1.98	0
1901	1.98	0
1901.5	1.98	0
1902	1.98	0
1902.5	1.98	0
1903	1.98	0
1903.5	1.98	0
1904	1.98	0
1904.5	1.98	0
1905	1.98	0
1905.5	1.98	0
1906	1.98	0
1906.5	1.98	0
1907	1.98	0
1907.5	1.98	0
1908	1.98	0
1908.5	1.98	0
1909	1.98	0
1909.5	1.98	0
1910	1.98	0
1910.5	1.98	0
1911	1.98	0
1911.5	1.98	0
1912	1.98	0
1912.5	1.98	0
1913	1.98	0
1913.5	1.98	0
1914	1.98	0
1914.5	1.98	0
1915	1.98	0
1915.5	1.98	0
1916	1.98	0
1916.5	1.98	0
1917	1.98	0
1917.5	1.98	0
1918	1.98	0
1918.5	1.98	0
1919	1.98	0
1919.5	1.98	0
1920	1.98	0
1920.5	1.98	0
1921	1.98	0
1921.5	1.98	0
1922	1.98	0
1922.5	1.98	0
1923	1.98	0
1923.5	1.98	0
1924	1.98	0
1924.5	1.98	0
1925	1.98	0
1925.5	1.98	0
1926	1.98	0
1926.5	1.98	0
1927	1.98	0
1927.5	1.98	0
1928	1.98	0
1928.5	1.98	0
1929	1.98	0
1929.5	1.98	0
1930	1.98	0
1930.5	1.98	0
1931	1.98	0
1931.5	1.98	0
1932	1.98	0
1932.5	1.98	0
1933	1.98	0
1933.5	1.98	0
1934	1.98	0
1934.5	1.98	0
1935	1.98	0
1935.5	1.98	0
1936	1.98	0
1936.5	1.98	0
1937	1.98	0
1937.5	1.98	0
1938	1.98	0
1938.5	1.98	0
1939	1.98	0
1939.5	1.98	0
1940	1.98	0
1940.5	1.98	0
1941	1.98	0
1941.5	1.98	0
1942	1.98	0
1942.5	1.98	0
1943	1.98	0
1943.5	1.98	0
1944	1.98	0
1944.5	1.98	0
1945	1.98	0
1945.5	1.98	0
1946	1.98	0
1946.5	1.98	0
1947	1.98	0
1947.5	1.98	0
1948	1.98	0
1948.5	1.98	0
1949	1.98	0
1949.5	1.98	0
1950	1.98	0
1950.5	1.98	0
1951	1.98	0
1951.5	1.98	0
1952	1.98	0
1952.5	1.98	0
1953	1.98	0
1953.5	1.98	0
1954	1.98	0
1954.5	1.98	0
1955	1.98	0
1955.5	1.98	0
1956	1.98	0
1956.5	1.98	0
1957	1.98	0
1957.5	1.98	0
1958	1.98	0
1958.5	1.98	0
1959	1.98	0
1959.5	1.98	0
1960	1.98	0
1960.5	1.98	0
1961	1.98	0
1961.5	1.98	0
1962	1.98	0
1962.5	1.98	0
1963	1.98	0
1963.5	1.98	0
1964	1.98	0
1964.5	1.98	0
1965	1.98	0
1965.5	1.98	0
1966	1.98	0
1966.5	1.98	0
1967	1.98	0
1967.5	1.98	0
1968	1.98	0
1968.5	1.98	0
1969	1.98	0
1969.5	1.98	0
1970	1.98	0
1970.5	1.98	0
1971	1.98	0
1971.5	1.98	0
1972	1.98	0
1972.5	1.98	0
1973	1.98	0
1973.5	1.98	0
1974	1.98	0
1974.5	1.98	0
1975	1.98	0
1975.5	1.98	0
1976	1.98	0
1976.5	1.98	0
1977	1.98	0
1977.5	1.98	0
1978	1.98	0
1978.5	1.98	0
1979	1.98	0
1979.5	1.98	0
1980	1.98	0
1980.5	1.98	0
1981	1.98	0
1981.5	1.98	0
1982	1.98	0
1982.5	1.98	0
1983	1.98	0
1983.5	1.98	0
1984	1.98	0
1984.5	1.98	0
1985	1.98	0
1985.5	1.98	0
1986	1.98	0
1986.5	1.98	0
1987	1.98	0
1987.5	1.98	0
1988	1.98	0
1988.5	1.98	0
1989	1.98	0
1989.5	1.98	0
1990	1.98	0
1990.5	1.98	0
1991	1.98	0
1991.5	1.98	0
1992	1.98	0
1992.5	1.98	0
1993	1.98	0
1993.5	1.98	0
1994	1.98	0
1994.5	1.98	0
1995	1.98	0
1995.5	1.98	0
1996	1.98	0
1996.5	1.98	0
1997	1.98	0
1997.5	1.98	0
1998	1.98	0
1998.5	1.98	0
1999	1.98	0
1999.5	1.98	0
2000	1.98	0

