280	2.86324	0.52009
280.5	2.86189	0.51748
281	2.86062	0.51488
281.5	2.85932	0.51228
282	2.85804	0.5097
282.5	2.8568	0.50713
283	2.85556	0.50456
283.5	2.85433	0.50201
284	2.85312	0.4995
284.5	2.85198	0.49696
285	2.85079	0.49444
285.5	2.84964	0.49193
286	2.84856	0.48942
286.5	2.8475	0.4869
287	2.84638	0.48439
287.5	2.84528	0.48191
288	2.84426	0.47943
288.5	2.84325	0.47694
289	2.84224	0.47447
289.5	2.84123	0.472
290	2.84022	0.4695
290.5	2.83922	0.46703
291	2.83822	0.46455
291.5	2.83731	0.4621
292	2.83634	0.45962
292.5	2.83535	0.45714
293	2.83438	0.45466
293.5	2.83348	0.45218
294	2.83251	0.44973
294.5	2.8316	0.44724
295	2.83066	0.44475
295.5	2.82969	0.44228
296	2.82872	0.43979
296.5	2.82777	0.43733
297	2.82687	0.43483
297.5	2.82595	0.43234
298	2.82497	0.42986
298.5	2.82396	0.4274
299	2.82301	0.42489
299.5	2.82201	0.4224
300	2.82103	0.41991
300.5	2.82006	0.41741
301	2.81897	0.4149
301.5	2.81796	0.41241
302	2.81691	0.40992
302.5	2.81581	0.40743
303	2.81466	0.40493
303.5	2.81358	0.40242
304	2.8124	0.39994
304.5	2.81119	0.39746
305	2.80997	0.39498
305.5	2.80868	0.3925
306	2.80741	0.39004
306.5	2.80611	0.3876
307	2.80476	0.38516
307.5	2.80334	0.38273
308	2.80181	0.38031
308.5	2.80025	0.37792
309	2.7987	0.37556
309.5	2.79709	0.37323
310	2.79536	0.37092
310.5	2.79358	0.36866
311	2.79177	0.36645
311.5	2.78982	0.36429
312	2.78782	0.36218
312.5	2.78576	0.36013
313	2.78354	0.35818
313.5	2.78127	0.35632
314	2.77893	0.35454
314.5	2.7765	0.35285
315	2.77393	0.35134
315.5	2.77129	0.34997
316	2.76858	0.34874
316.5	2.76569	0.34772
317	2.76278	0.34694
317.5	2.7598	0.34637
318	2.75668	0.34605
318.5	2.75355	0.34613
319	2.75036	0.34649
319.5	2.7471	0.34715
320	2.74402	0.3484
320.5	2.74097	0.35003
321	2.73799	0.35205
321.5	2.73539	0.35476
322	2.73306	0.35793
322.5	2.73101	0.36148
323	2.72966	0.36569
323.5	2.72898	0.37028
324	2.72883	0.37516
324.5	2.72964	0.38048
325	2.73142	0.38581
325.5	2.7339	0.39112
326	2.73763	0.39633
326.5	2.74229	0.40111
327	2.74757	0.40554
327.5	2.75383	0.4092
328	2.76059	0.41218
328.5	2.76771	0.41466
329	2.77538	0.41622
329.5	2.78335	0.41728
330	2.7916	0.41792
330.5	2.80043	0.41769
331	2.80959	0.41698
331.5	2.81914	0.41569
332	2.82938	0.41308
332.5	2.83988	0.40967
333	2.85077	0.40487
333.5	2.86161	0.3982
334	2.87229	0.39045
334.5	2.88223	0.38048
335	2.89097	0.36928
335.5	2.89884	0.35719
336	2.90439	0.34365
336.5	2.90883	0.32992
337	2.91155	0.31594
337.5	2.91239	0.30214
338	2.91235	0.2885
338.5	2.91056	0.27555
339	2.90796	0.26325
339.5	2.9046	0.25157
340	2.90028	0.24096
340.5	2.89569	0.23082
341	2.89063	0.22168
341.5	2.88532	0.21318
342	2.87984	0.20515
342.5	2.87413	0.19804
343	2.86841	0.19126
343.5	2.8627	0.18518
344	2.85702	0.17952
344.5	2.85137	0.17418
345	2.84582	0.16947
345.5	2.84032	0.16493
346	2.83491	0.16082
346.5	2.82961	0.15695
347	2.82444	0.15334
347.5	2.81935	0.15001
348	2.81432	0.14678
348.5	2.80955	0.14393
349	2.80484	0.14116
349.5	2.80024	0.13859
350	2.79571	0.13616
350.5	2.79123	0.13383
351	2.78694	0.13168
351.5	2.78271	0.12958
352	2.77862	0.12767
352.5	2.77458	0.12582
353	2.77065	0.12408
353.5	2.76682	0.12242
354	2.76305	0.12082
354.5	2.75933	0.11932
355	2.75563	0.11784
355.5	2.75213	0.11648
356	2.74865	0.11514
356.5	2.74527	0.11388
357	2.74194	0.11266
357.5	2.7387	0.11149
358	2.73552	0.11036
358.5	2.73239	0.10927
359	2.72933	0.10823
359.5	2.72628	0.10721
360	2.72334	0.10625
360.5	2.72042	0.1053
361	2.71757	0.1044
361.5	2.71473	0.10352
362	2.71193	0.10267
362.5	2.70919	0.10184
363	2.70653	0.10104
363.5	2.7039	0.10026
364	2.70129	0.0995
364.5	2.69875	0.09876
365	2.69625	0.09804
365.5	2.69377	0.09734
366	2.6913	0.09666
366.5	2.68893	0.096
367	2.68659	0.09535
367.5	2.68424	0.09473
368	2.6819	0.09411
368.5	2.67968	0.09352
369	2.67747	0.09293
369.5	2.67525	0.09236
370	2.67305	0.09179
370.5	2.67093	0.09125
371	2.66882	0.0907
371.5	2.66673	0.09018
372	2.66466	0.08967
372.5	2.66264	0.08917
373	2.66062	0.08867
373.5	2.65859	0.08819
374	2.65661	0.08771
374.5	2.65471	0.08725
375	2.65281	0.08679
375.5	2.65091	0.08634
376	2.64902	0.0859
376.5	2.64719	0.08547
377	2.64536	0.08504
377.5	2.64353	0.08462
378	2.64172	0.08421
378.5	2.64001	0.0838
379	2.63828	0.0834
379.5	2.63652	0.08301
380	2.63477	0.08262
380.5	2.63312	0.08224
381	2.63147	0.08187
381.5	2.62978	0.0815
382	2.6281	0.08114
382.5	2.62651	0.08078
383	2.62493	0.08043
383.5	2.62334	0.08008
384	2.62175	0.07974
384.5	2.62019	0.0794
385	2.61864	0.07907
385.5	2.6171	0.07874
386	2.61558	0.07841
386.5	2.6141	0.07809
387	2.61265	0.07778
387.5	2.61118	0.07747
388	2.60969	0.07716
388.5	2.60822	0.07686
389	2.60682	0.07656
389.5	2.60541	0.07626
390	2.60398	0.07597
390.5	2.60255	0.07567
391	2.60122	0.07539
391.5	2.59989	0.07511
392	2.59852	0.07483
392.5	2.59714	0.07455
393	2.5958	0.07428
393.5	2.59449	0.07401
394	2.59317	0.07374
394.5	2.59187	0.07348
395	2.59057	0.07322
395.5	2.58931	0.07296
396	2.58805	0.0727
396.5	2.5868	0.07245
397	2.58555	0.0722
397.5	2.5843	0.07195
398	2.58305	0.07171
398.5	2.58184	0.07147
399	2.58065	0.07123
399.5	2.57947	0.07099
400	2.57827	0.07076
400.5	2.57709	0.07052
401	2.5759	0.07029
401.5	2.57474	0.07007
402	2.57359	0.06984
402.5	2.57246	0.06962
403	2.57133	0.06939
403.5	2.5702	0.06917
404	2.56907	0.06895
404.5	2.56796	0.06874
405	2.56684	0.06853
405.5	2.56577	0.06832
406	2.5647	0.06811
406.5	2.56364	0.0679
407	2.56257	0.06769
407.5	2.56152	0.06749
408	2.56046	0.06729
408.5	2.5594	0.06709
409	2.55834	0.06689
409.5	2.5573	0.06669
410	2.55626	0.06649
410.5	2.55526	0.0663
411	2.55426	0.06611
411.5	2.55326	0.06592
412	2.55226	0.06573
412.5	2.55127	0.06554
413	2.55029	0.06535
413.5	2.5493	0.06517
414	2.54832	0.06499
414.5	2.54735	0.06481
415	2.54638	0.06463
415.5	2.54544	0.06445
416	2.5445	0.06427
416.5	2.54357	0.0641
417	2.54264	0.06392
417.5	2.54171	0.06375
418	2.54079	0.06358
418.5	2.53986	0.06341
419	2.53894	0.06324
419.5	2.53804	0.06307
420	2.53713	0.0629
420.5	2.53625	0.06274
421	2.53537	0.06257
421.5	2.53451	0.06241
422	2.53364	0.06225
422.5	2.53278	0.06209
423	2.53191	0.06193
423.5	2.53104	0.06177
424	2.53018	0.06161
424.5	2.52932	0.06146
425	2.52845	0.0613
425.5	2.5276	0.06115
426	2.52675	0.061
426.5	2.52594	0.06085
427	2.52514	0.0607
427.5	2.52433	0.06055
428	2.52352	0.0604
428.5	2.52272	0.06025
429	2.52191	0.06011
429.5	2.52111	0.05996
430	2.52031	0.05982
430.5	2.51951	0.05967
431	2.51872	0.05953
431.5	2.51795	0.05939
432	2.51719	0.05925
432.5	2.51642	0.05911
433	2.51565	0.05897
433.5	2.51487	0.05883
434	2.51409	0.0587
434.5	2.51334	0.05856
435	2.5126	0.05843
435.5	2.51186	0.05829
436	2.51111	0.05816
436.5	2.51038	0.05803
437	2.50964	0.05789
437.5	2.5089	0.05776
438	2.50817	0.05763
438.5	2.50744	0.05751
439	2.50671	0.05738
439.5	2.50601	0.05725
440	2.50531	0.05712
440.5	2.50461	0.057
441	2.50391	0.05687
441.5	2.50318	0.05675
442	2.50246	0.05662
442.5	2.50178	0.0565
443	2.5011	0.05638
443.5	2.50042	0.05626
444	2.49974	0.05614
444.5	2.49906	0.05602
445	2.49838	0.0559
445.5	2.49771	0.05578
446	2.49704	0.05566
446.5	2.49637	0.05555
447	2.4957	0.05543
447.5	2.49504	0.05531
448	2.49438	0.0552
448.5	2.49376	0.05508
449	2.49313	0.05497
449.5	2.49247	0.05486
450	2.49181	0.05475
450.5	2.49117	0.05463
451	2.49053	0.05452
451.5	2.48991	0.05441
452	2.48929	0.0543
452.5	2.48867	0.05419
453	2.48805	0.05409
453.5	2.48744	0.05398
454	2.48682	0.05387
454.5	2.48621	0.05376
455	2.48559	0.05366
455.5	2.48498	0.05355
456	2.48437	0.05345
456.5	2.48377	0.05334
457	2.48316	0.05324
457.5	2.48256	0.05314
458	2.48196	0.05303
458.5	2.48139	0.05293
459	2.48082	0.05283
459.5	2.48024	0.05273
460	2.47965	0.05263
460.5	2.47906	0.05253
461	2.47846	0.05243
461.5	2.4779	0.05233
462	2.47734	0.05223
462.5	2.47678	0.05213
463	2.47622	0.05204
463.5	2.47567	0.05194
464	2.47511	0.05184
464.5	2.47456	0.05175
465	2.474	0.05165
465.5	2.47345	0.05156
466	2.4729	0.05146
466.5	2.47235	0.05137
467	2.4718	0.05128
467.5	2.47126	0.05118
468	2.47071	0.05109
468.5	2.47018	0.051
469	2.46965	0.05091
469.5	2.46914	0.05082
470	2.46862	0.05073
470.5	2.46809	0.05064
471	2.46755	0.05055
471.5	2.46703	0.05046
472	2.4665	0.05037
472.5	2.46599	0.05028
473	2.46549	0.05019
473.5	2.46497	0.05011
474	2.46445	0.05002
474.5	2.46392	0.04993
475	2.46339	0.04985
475.5	2.46289	0.04976
476	2.46239	0.04968
476.5	2.46189	0.04959
477	2.4614	0.04951
477.5	2.46091	0.04942
478	2.46042	0.04934
478.5	2.45993	0.04926
479	2.45944	0.04917
479.5	2.45895	0.04909
480	2.45847	0.04901
480.5	2.45801	0.04893
481	2.45756	0.04885
481.5	2.45708	0.04877
482	2.45661	0.04869
482.5	2.45612	0.0486
483	2.45564	0.04852
483.5	2.45516	0.04845
484	2.45468	0.04837
484.5	2.45421	0.04829
485	2.45374	0.04821
485.5	2.45329	0.04813
486	2.45284	0.04806
486.5	2.45238	0.04798
487	2.45191	0.0479
487.5	2.45144	0.04783
488	2.45097	0.04775
488.5	2.45052	0.04767
489	2.45008	0.0476
489.5	2.44964	0.04752
490	2.4492	0.04745
490.5	2.44876	0.04737
491	2.44832	0.0473
491.5	2.44789	0.04723
492	2.44745	0.04715
492.5	2.44702	0.04708
493	2.44658	0.04701
493.5	2.44615	0.04694
494	2.44572	0.04686
494.5	2.44528	0.04679
495	2.44485	0.04672
495.5	2.44442	0.04665
496	2.44399	0.04658
496.5	2.44356	0.04651
497	2.44314	0.04644
497.5	2.44271	0.04637
498	2.44228	0.0463
498.5	2.44188	0.04623
499	2.44147	0.04616
499.5	2.44107	0.04609
500	2.44068	0.04602
500.5	2.44027	0.04596
501	2.43985	0.04589
501.5	2.43943	0.04582
502	2.43901	0.04575
502.5	2.43862	0.04569
503	2.43823	0.04562
503.5	2.43784	0.04555
504	2.43744	0.04549
504.5	2.43703	0.04542
505	2.43661	0.04536
505.5	2.43621	0.04529
506	2.43581	0.04523
506.5	2.43543	0.04516
507	2.43504	0.0451
507.5	2.43466	0.04503
508	2.43428	0.04497
508.5	2.4339	0.04491
509	2.43352	0.04484
509.5	2.43314	0.04478
510	2.43276	0.04472
510.5	2.43238	0.04465
511	2.43201	0.04459
511.5	2.43163	0.04453
512	2.43125	0.04447
512.5	2.43088	0.04441
513	2.4305	0.04434
513.5	2.43013	0.04428
514	2.42976	0.04422
514.5	2.42938	0.04416
515	2.42901	0.0441
515.5	2.42864	0.04404
516	2.42827	0.04398
516.5	2.42791	0.04392
517	2.42754	0.04386
517.5	2.4272	0.04381
518	2.42686	0.04375
518.5	2.42651	0.04369
519	2.42617	0.04363
519.5	2.4258	0.04357
520	2.42544	0.04351
520.5	2.42507	0.04346
521	2.42471	0.0434
521.5	2.42435	0.04334
522	2.42398	0.04328
522.5	2.42364	0.04323
523	2.42329	0.04317
523.5	2.42295	0.04312
524	2.42262	0.04306
524.5	2.42229	0.043
525	2.42196	0.04295
525.5	2.42163	0.04289
526	2.4213	0.04284
526.5	2.42095	0.04278
527	2.42061	0.04273
527.5	2.42026	0.04267
528	2.4199	0.04262
528.5	2.41957	0.04256
529	2.41923	0.04251
529.5	2.4189	0.04246
530	2.41857	0.0424
530.5	2.41825	0.04235
531	2.41792	0.0423
531.5	2.4176	0.04224
532	2.41728	0.04219
532.5	2.41696	0.04214
533	2.41663	0.04209
533.5	2.41631	0.04203
534	2.41599	0.04198
534.5	2.41567	0.04193
535	2.41535	0.04188
535.5	2.41503	0.04183
536	2.41471	0.04178
536.5	2.4144	0.04173
537	2.41408	0.04167
537.5	2.41376	0.04162
538	2.41345	0.04157
538.5	2.41314	0.04152
539	2.41284	0.04147
539.5	2.41255	0.04142
540	2.41226	0.04137
540.5	2.41196	0.04133
541	2.41166	0.04128
541.5	2.41135	0.04123
542	2.41104	0.04118
542.5	2.41073	0.04113
543	2.41042	0.04108
543.5	2.41011	0.04103
544	2.4098	0.04098
544.5	2.4095	0.04094
545	2.40919	0.04089
545.5	2.40891	0.04084
546	2.40862	0.04079
546.5	2.40834	0.04074
547	2.40805	0.0407
547.5	2.40775	0.04065
548	2.40744	0.0406
548.5	2.40714	0.04056
549	2.40684	0.04051
549.5	2.40656	0.04046
550	2.40628	0.04042
550.5	2.406	0.04037
551	2.40572	0.04033
551.5	2.40544	0.04028
552	2.40516	0.04023
552.5	2.40489	0.04019
553	2.40461	0.04014
553.5	2.40434	0.0401
554	2.40406	0.04005
554.5	2.40379	0.04001
555	2.40351	0.03996
555.5	2.40323	0.03992
556	2.40295	0.03988
556.5	2.40265	0.03983
557	2.40236	0.03979
557.5	2.40207	0.03974
558	2.40178	0.0397
558.5	2.40151	0.03966
559	2.40124	0.03961
559.5	2.40096	0.03957
560	2.40069	0.03953
560.5	2.40043	0.03948
561	2.40016	0.03944
561.5	2.39989	0.0394
562	2.39962	0.03935
562.5	2.39936	0.03931
563	2.39909	0.03927
563.5	2.39883	0.03923
564	2.39856	0.03919
564.5	2.39831	0.03914
565	2.39805	0.0391
565.5	2.39781	0.03906
566	2.39757	0.03902
566.5	2.39733	0.03898
567	2.39708	0.03894
567.5	2.39682	0.0389
568	2.39656	0.03886
568.5	2.39629	0.03881
569	2.39603	0.03877
569.5	2.39577	0.03873
570	2.39551	0.03869
570.5	2.39525	0.03865
571	2.39499	0.03861
571.5	2.39473	0.03857
572	2.39448	0.03853
572.5	2.39422	0.03849
573	2.39396	0.03845
573.5	2.39371	0.03841
574	2.39346	0.03838
574.5	2.39323	0.03834
575	2.39299	0.0383
575.5	2.39276	0.03826
576	2.39252	0.03822
576.5	2.39227	0.03818
577	2.39202	0.03814
577.5	2.39177	0.0381
578	2.39151	0.03807
578.5	2.39127	0.03803
579	2.39103	0.03799
579.5	2.3908	0.03795
580	2.39057	0.03791
580.5	2.39034	0.03788
581	2.39011	0.03784
581.5	2.38989	0.0378
582	2.38966	0.03776
582.5	2.38943	0.03773
583	2.3892	0.03769
583.5	2.38896	0.03765
584	2.38871	0.03762
584.5	2.38847	0.03758
585	2.38822	0.03754
585.5	2.38798	0.03751
586	2.38774	0.03747
586.5	2.38752	0.03743
587	2.38729	0.0374
587.5	2.38707	0.03736
588	2.38684	0.03732
588.5	2.38662	0.03729
589	2.3864	0.03725
589.5	2.38618	0.03722
590	2.38595	0.03718
590.5	2.38573	0.03715
591	2.38551	0.03711
591.5	2.38529	0.03708
592	2.38507	0.03704
592.5	2.38485	0.03701
593	2.38463	0.03697
593.5	2.38441	0.03694
594	2.38419	0.0369
594.5	2.38397	0.03687
595	2.38375	0.03683
595.5	2.38353	0.0368
596	2.38331	0.03676
596.5	2.3831	0.03673
597	2.38288	0.0367
597.5	2.38266	0.03666
598	2.38245	0.03663
598.5	2.38223	0.03659
599	2.38202	0.03656
599.5	2.3818	0.03653
600	2.38158	0.03649
600.5	2.38137	0.03646
601	2.38116	0.03643
601.5	2.38094	0.03639
602	2.38073	0.03636
602.5	2.38052	0.03633
603	2.3803	0.0363
603.5	2.38009	0.03626
604	2.37988	0.03623
604.5	2.37967	0.0362
605	2.37946	0.03617
605.5	2.37925	0.03613
606	2.37904	0.0361
606.5	2.37885	0.03607
607	2.37866	0.03604
607.5	2.37847	0.03601
608	2.37828	0.03597
608.5	2.37808	0.03594
609	2.37788	0.03591
609.5	2.37767	0.03588
610	2.37746	0.03585
610.5	2.37725	0.03581
611	2.37704	0.03578
611.5	2.37684	0.03575
612	2.37663	0.03572
612.5	2.37642	0.03569
613	2.37622	0.03566
613.5	2.37602	0.03563
614	2.37581	0.0356
614.5	2.37563	0.03557
615	2.37544	0.03554
615.5	2.37526	0.03551
616	2.37507	0.03548
616.5	2.37488	0.03545
617	2.37468	0.03542
617.5	2.37448	0.03539
618	2.37428	0.03536
618.5	2.37408	0.03533
619	2.37387	0.03529
619.5	2.37369	0.03527
620	2.3735	0.03524
620.5	2.37332	0.03521
621	2.37314	0.03518
621.5	2.37295	0.03515
622	2.37277	0.03512
622.5	2.37259	0.03509
623	2.37241	0.03506
623.5	2.37223	0.03503
624	2.37205	0.035
624.5	2.37186	0.03497
625	2.37167	0.03494
625.5	2.37148	0.03491
626	2.37128	0.03489
626.5	2.37108	0.03486
627	2.37089	0.03483
627.5	2.3707	0.0348
628	2.37051	0.03477
628.5	2.37033	0.03474
629	2.37016	0.03471
629.5	2.36998	0.03469
630	2.3698	0.03466
630.5	2.36962	0.03463
631	2.36945	0.0346
631.5	2.36927	0.03457
632	2.36909	0.03455
632.5	2.36892	0.03452
633	2.36874	0.03449
633.5	2.36857	0.03446
634	2.36839	0.03444
634.5	2.36822	0.03441
635	2.36804	0.03438
635.5	2.36787	0.03435
636	2.36769	0.03433
636.5	2.36752	0.0343
637	2.36735	0.03427
637.5	2.36717	0.03424
638	2.367	0.03422
638.5	2.36683	0.03419
639	2.36666	0.03416
639.5	2.36648	0.03414
640	2.36631	0.03411
640.5	2.36614	0.03408
641	2.36597	0.03406
641.5	2.3658	0.03403
642	2.36563	0.03401
642.5	2.36546	0.03398
643	2.36529	0.03395
643.5	2.36512	0.03393
644	2.36495	0.0339
644.5	2.36478	0.03387
645	2.36461	0.03385
645.5	2.36444	0.03382
646	2.36427	0.0338
646.5	2.3641	0.03377
647	2.36394	0.03375
647.5	2.36377	0.03372
648	2.3636	0.03369
648.5	2.36343	0.03367
649	2.36327	0.03364
649.5	2.3631	0.03362
650	2.36293	0.03359
650.5	2.36277	0.03357
651	2.3626	0.03354
651.5	2.36244	0.03352
652	2.36227	0.03349
652.5	2.3621	0.03347
653	2.36194	0.03344
653.5	2.36178	0.03342
654	2.36162	0.03339
654.5	2.36147	0.03337
655	2.36132	0.03334
655.5	2.36117	0.03332
656	2.36103	0.03329
656.5	2.36088	0.03327
657	2.36073	0.03324
657.5	2.36056	0.03322
658	2.3604	0.0332
658.5	2.36024	0.03317
659	2.36008	0.03315
659.5	2.35992	0.03312
660	2.35975	0.0331
660.5	2.35959	0.03308
661	2.35943	0.03305
661.5	2.35927	0.03303
662	2.35911	0.03301
662.5	2.35895	0.03298
663	2.35879	0.03296
663.5	2.35865	0.03293
664	2.3585	0.03291
664.5	2.35836	0.03289
665	2.35822	0.03286
665.5	2.35807	0.03284
666	2.35793	0.03282
666.5	2.35778	0.03279
667	2.35762	0.03277
667.5	2.35746	0.03275
668	2.3573	0.03272
668.5	2.35715	0.0327
669	2.35699	0.03268
669.5	2.35684	0.03266
670	2.3567	0.03263
670.5	2.35656	0.03261
671	2.35642	0.03259
671.5	2.35628	0.03256
672	2.35614	0.03254
672.5	2.35599	0.03252
673	2.35584	0.0325
673.5	2.35568	0.03247
674	2.35553	0.03245
674.5	2.35537	0.03243
675	2.35522	0.03241
675.5	2.35507	0.03239
676	2.35492	0.03236
676.5	2.35478	0.03234
677	2.35464	0.03232
677.5	2.35451	0.0323
678	2.35437	0.03227
678.5	2.35423	0.03225
679	2.35409	0.03223
679.5	2.35396	0.03221
680	2.35382	0.03219
680.5	2.35368	0.03217
681	2.35355	0.03214
681.5	2.35341	0.03212
682	2.35327	0.0321
682.5	2.35314	0.03208
683	2.353	0.03206
683.5	2.35287	0.03204
684	2.35273	0.03202
684.5	2.3526	0.03199
685	2.35246	0.03197
685.5	2.35232	0.03195
686	2.35218	0.03193
686.5	2.35203	0.03191
687	2.35188	0.03189
687.5	2.35173	0.03187
688	2.35158	0.03185
688.5	2.35144	0.03182
689	2.35129	0.0318
689.5	2.35115	0.03178
690	2.35102	0.03176
690.5	2.35089	0.03174
691	2.35076	0.03172
691.5	2.35063	0.0317
692	2.35049	0.03168
692.5	2.35036	0.03166
693	2.35023	0.03164
693.5	2.3501	0.03162
694	2.34997	0.0316
694.5	2.34983	0.03158
695	2.3497	0.03156
695.5	2.34957	0.03154
696	2.34944	0.03152
696.5	2.34931	0.0315
697	2.34918	0.03148
697.5	2.34905	0.03146
698	2.34892	0.03144
698.5	2.34879	0.03142
699	2.34866	0.0314
699.5	2.34853	0.03138
700	2.3484	0.03136
700.5	2.34827	0.03134
701	2.34814	0.03132
701.5	2.34802	0.0313
702	2.34789	0.03128
702.5	2.34776	0.03126
703	2.34763	0.03124
703.5	2.3475	0.03122
704	2.34738	0.0312
704.5	2.34725	0.03118
705	2.34712	0.03116
705.5	2.34699	0.03114
706	2.34687	0.03112
706.5	2.34674	0.0311
707	2.34661	0.03109
707.5	2.34649	0.03107
708	2.34636	0.03105
708.5	2.34623	0.03103
709	2.34611	0.03101
709.5	2.34598	0.03099
710	2.34585	0.03097
710.5	2.34573	0.03095
711	2.3456	0.03093
711.5	2.34548	0.03091
712	2.34535	0.0309
712.5	2.34523	0.03088
713	2.3451	0.03086
713.5	2.34499	0.03084
714	2.34487	0.03082
714.5	2.34476	0.0308
715	2.34465	0.03078
715.5	2.34454	0.03077
716	2.34443	0.03075
716.5	2.34432	0.03073
717	2.34421	0.03071
717.5	2.34409	0.03069
718	2.34397	0.03067
718.5	2.34385	0.03066
719	2.34373	0.03064
719.5	2.3436	0.03062
720	2.34348	0.0306
720.5	2.34336	0.03058
721	2.34324	0.03057
721.5	2.34312	0.03055
722	2.34299	0.03053
722.5	2.34287	0.03051
723	2.34275	0.03049
723.5	2.34263	0.03048
724	2.34251	0.03046
724.5	2.34239	0.03044
725	2.34227	0.03042
725.5	2.34215	0.03041
726	2.34203	0.03039
726.5	2.34191	0.03037
727	2.34179	0.03035
727.5	2.34167	0.03034
728	2.34155	0.03032
728.5	2.34144	0.0303
729	2.34133	0.03028
729.5	2.34123	0.03027
730	2.34112	0.03025
730.5	2.34101	0.03023
731	2.34091	0.03021
731.5	2.3408	0.0302
732	2.3407	0.03018
732.5	2.34058	0.03016
733	2.34046	0.03015
733.5	2.34035	0.03013
734	2.34023	0.03011
734.5	2.34011	0.03009
735	2.33999	0.03008
735.5	2.33988	0.03006
736	2.33976	0.03004
736.5	2.33966	0.03003
737	2.33956	0.03001
737.5	2.33945	0.02999
738	2.33935	0.02998
738.5	2.33925	0.02996
739	2.33914	0.02994
739.5	2.33904	0.02993
740	2.33893	0.02991
740.5	2.33882	0.02989
741	2.3387	0.02988
741.5	2.33859	0.02986
742	2.33847	0.02984
742.5	2.33836	0.02983
743	2.33824	0.02981
743.5	2.33813	0.02979
744	2.33802	0.02978
744.5	2.33792	0.02976
745	2.33782	0.02975
745.5	2.33772	0.02973
746	2.33762	0.02971
746.5	2.33751	0.0297
747	2.33741	0.02968
747.5	2.33731	0.02967
748	2.33721	0.02965
748.5	2.33711	0.02963
749	2.33701	0.02962
749.5	2.33691	0.0296
750	2.33681	0.02958
750.5	2.33671	0.02957
751	2.33661	0.02955
751.5	2.33651	0.02954
752	2.3364	0.02952
752.5	2.33629	0.02951
753	2.33618	0.02949
753.5	2.33607	0.02947
754	2.33596	0.02946
754.5	2.33584	0.02944
755	2.33573	0.02943
755.5	2.33563	0.02941
756	2.33552	0.0294
756.5	2.33542	0.02938
757	2.33532	0.02937
757.5	2.33523	0.02935
758	2.33513	0.02933
758.5	2.33503	0.02932
759	2.33493	0.0293
759.5	2.33484	0.02929
760	2.33474	0.02927
760.5	2.33464	0.02926
761	2.33454	0.02924
761.5	2.33445	0.02923
762	2.33435	0.02921
762.5	2.33425	0.0292
763	2.33416	0.02918
763.5	2.33406	0.02917
764	2.33396	0.02915
764.5	2.33385	0.02914
765	2.33374	0.02912
765.5	2.33363	0.02911
766	2.33353	0.02909
766.5	2.33342	0.02908
767	2.33331	0.02906
767.5	2.3332	0.02905
768	2.3331	0.02903
768.5	2.333	0.02902
769	2.33291	0.029
769.5	2.33281	0.02899
770	2.33272	0.02897
770.5	2.33262	0.02896
771	2.33253	0.02894
771.5	2.33243	0.02893
772	2.33234	0.02892
772.5	2.33224	0.0289
773	2.33215	0.02889
773.5	2.33205	0.02887
774	2.33196	0.02886
774.5	2.33187	0.02884
775	2.33177	0.02883
775.5	2.33168	0.02881
776	2.33159	0.0288
776.5	2.33149	0.02879
777	2.3314	0.02877
777.5	2.33131	0.02876
778	2.33121	0.02874
778.5	2.33112	0.02873
779	2.33103	0.02871
779.5	2.33094	0.0287
780	2.33084	0.02869
780.5	2.33075	0.02867
781	2.33066	0.02866
781.5	2.33057	0.02864
782	2.33047	0.02863
782.5	2.33038	0.02862
783	2.33029	0.0286
783.5	2.3302	0.02859
784	2.33011	0.02857
784.5	2.33002	0.02856
785	2.32992	0.02855
785.5	2.32983	0.02853
786	2.32974	0.02852
786.5	2.32965	0.02851
787	2.32956	0.02849
787.5	2.32947	0.02848
788	2.32938	0.02846
788.5	2.32929	0.02845
789	2.3292	0.02844
789.5	2.32911	0.02842
790	2.32902	0.02841
790.5	2.32893	0.0284
791	2.32884	0.02838
791.5	2.32875	0.02837
792	2.32866	0.02836
792.5	2.32857	0.02834
793	2.32848	0.02833
793.5	2.32839	0.02832
794	2.3283	0.0283
794.5	2.32821	0.02829
795	2.32812	0.02828
795.5	2.32803	0.02826
796	2.32794	0.02825
796.5	2.32786	0.02824
797	2.32777	0.02822
797.5	2.32768	0.02821
798	2.32759	0.0282
798.5	2.3275	0.02818
799	2.32741	0.02817
799.5	2.32732	0.02816
800	2.32724	0.02814
800.5	2.32715	0.02813
801	2.32706	0.02812
801.5	2.32697	0.0281
802	2.32689	0.02809
802.5	2.3268	0.02808
803	2.32671	0.02806
803.5	2.32663	0.02805
804	2.32656	0.02804
804.5	2.32648	0.02803
805	2.32641	0.02801
805.5	2.32633	0.028
806	2.32625	0.02799
806.5	2.32618	0.02798
807	2.3261	0.02796
807.5	2.32602	0.02795
808	2.32595	0.02794
808.5	2.32586	0.02792
809	2.32577	0.02791
809.5	2.32569	0.0279
810	2.3256	0.02789
810.5	2.32552	0.02787
811	2.32543	0.02786
811.5	2.32534	0.02785
812	2.32526	0.02784
812.5	2.32517	0.02782
813	2.32509	0.02781
813.5	2.325	0.0278
814	2.32492	0.02779
814.5	2.32483	0.02777
815	2.32475	0.02776
815.5	2.32466	0.02775
816	2.32458	0.02774
816.5	2.32449	0.02772
817	2.32441	0.02771
817.5	2.32434	0.0277
818	2.32426	0.02769
818.5	2.32419	0.02768
819	2.32412	0.02766
819.5	2.32404	0.02765
820	2.32397	0.02764
820.5	2.3239	0.02763
821	2.32382	0.02761
821.5	2.32375	0.0276
822	2.32367	0.02759
822.5	2.32359	0.02758
823	2.32351	0.02757
823.5	2.32343	0.02755
824	2.32334	0.02754
824.5	2.32326	0.02753
825	2.32318	0.02752
825.5	2.32309	0.02751
826	2.32301	0.02749
826.5	2.32293	0.02748
827	2.32285	0.02747
827.5	2.32276	0.02746
828	2.32268	0.02745
828.5	2.3226	0.02744
829	2.32252	0.02742
829.5	2.32244	0.02741
830	2.32236	0.0274
830.5	2.32227	0.02739
831	2.32219	0.02738
831.5	2.32211	0.02737
832	2.32204	0.02735
832.5	2.32197	0.02734
833	2.3219	0.02733
833.5	2.32183	0.02732
834	2.32175	0.02731
834.5	2.32168	0.0273
835	2.32161	0.02728
835.5	2.32154	0.02727
836	2.32147	0.02726
836.5	2.3214	0.02725
837	2.32132	0.02724
837.5	2.32124	0.02723
838	2.32116	0.02722
838.5	2.32108	0.0272
839	2.321	0.02719
839.5	2.32092	0.02718
840	2.32084	0.02717
840.5	2.32076	0.02716
841	2.32068	0.02715
841.5	2.32061	0.02714
842	2.32053	0.02712
842.5	2.32046	0.02711
843	2.32039	0.0271
843.5	2.32033	0.02709
844	2.32026	0.02708
844.5	2.32019	0.02707
845	2.32012	0.02706
845.5	2.32005	0.02705
846	2.31998	0.02704
846.5	2.31991	0.02702
847	2.31983	0.02701
847.5	2.31976	0.027
848	2.31968	0.02699
848.5	2.3196	0.02698
849	2.31952	0.02697
849.5	2.31944	0.02696
850	2.31937	0.02695
850.5	2.31929	0.02694
851	2.31921	0.02693
851.5	2.31914	0.02691
852	2.31906	0.0269
852.5	2.31899	0.02689
853	2.31893	0.02688
853.5	2.31886	0.02687
854	2.31879	0.02686
854.5	2.31872	0.02685
855	2.31866	0.02684
855.5	2.31859	0.02683
856	2.31852	0.02682
856.5	2.31845	0.02681
857	2.31839	0.0268
857.5	2.31832	0.02679
858	2.31825	0.02677
858.5	2.31819	0.02676
859	2.31812	0.02675
859.5	2.31805	0.02674
860	2.31799	0.02673
860.5	2.31792	0.02672
861	2.31785	0.02671
861.5	2.31779	0.0267
862	2.31772	0.02669
862.5	2.31765	0.02668
863	2.31757	0.02667
863.5	2.3175	0.02666
864	2.31742	0.02665
864.5	2.31735	0.02664
865	2.31727	0.02663
865.5	2.3172	0.02662
866	2.31712	0.02661
866.5	2.31705	0.0266
867	2.31697	0.02659
867.5	2.3169	0.02658
868	2.31683	0.02657
868.5	2.31677	0.02655
869	2.3167	0.02654
869.5	2.31664	0.02653
870	2.31657	0.02652
870.5	2.31651	0.02651
871	2.31644	0.0265
871.5	2.31638	0.02649
872	2.31631	0.02648
872.5	2.31625	0.02647
873	2.31618	0.02646
873.5	2.31612	0.02645
874	2.31605	0.02644
874.5	2.31599	0.02643
875	2.31593	0.02642
875.5	2.31586	0.02641
876	2.3158	0.0264
876.5	2.31573	0.02639
877	2.31567	0.02638
877.5	2.3156	0.02637
878	2.31554	0.02636
878.5	2.31547	0.02635
879	2.3154	0.02634
879.5	2.31533	0.02633
880	2.31526	0.02632
880.5	2.31518	0.02631
881	2.31511	0.0263
881.5	2.31504	0.02629
882	2.31497	0.02628
882.5	2.31489	0.02627
883	2.31482	0.02626
883.5	2.31475	0.02625
884	2.31468	0.02624
884.5	2.31462	0.02623
885	2.31455	0.02623
885.5	2.31449	0.02622
886	2.31443	0.02621
886.5	2.31437	0.0262
887	2.3143	0.02619
887.5	2.31424	0.02618
888	2.31418	0.02617
888.5	2.31412	0.02616
889	2.31405	0.02615
889.5	2.31399	0.02614
890	2.31393	0.02613
890.5	2.31387	0.02612
891	2.3138	0.02611
891.5	2.31374	0.0261
892	2.31368	0.02609
892.5	2.31362	0.02608
893	2.31356	0.02607
893.5	2.3135	0.02606
894	2.31343	0.02605
894.5	2.31337	0.02604
895	2.31331	0.02603
895.5	2.31325	0.02602
896	2.31319	0.02601
896.5	2.31313	0.02601
897	2.31307	0.026
897.5	2.313	0.02599
898	2.31294	0.02598
898.5	2.31288	0.02597
899	2.31282	0.02596
899.5	2.31276	0.02595
900	2.3127	0.02594
900.5	2.31264	0.02593
901	2.31258	0.02592
901.5	2.31252	0.02591
902	2.31246	0.0259
902.5	2.3124	0.02589
903	2.31234	0.02588
903.5	2.31228	0.02588
904	2.31222	0.02587
904.5	2.31216	0.02586
905	2.3121	0.02585
905.5	2.31204	0.02584
906	2.31198	0.02583
906.5	2.31192	0.02582
907	2.31186	0.02581
907.5	2.3118	0.0258
908	2.31174	0.02579
908.5	2.31168	0.02578
909	2.31162	0.02578
909.5	2.31156	0.02577
910	2.3115	0.02576
910.5	2.31144	0.02575
911	2.31138	0.02574
911.5	2.31132	0.02573
912	2.31126	0.02572
912.5	2.3112	0.02571
913	2.31114	0.0257
913.5	2.31108	0.02569
914	2.31102	0.02569
914.5	2.31097	0.02568
915	2.31091	0.02567
915.5	2.31085	0.02566
916	2.31079	0.02565
916.5	2.31073	0.02564
917	2.31067	0.02563
917.5	2.31061	0.02562
918	2.31056	0.02562
918.5	2.3105	0.02561
919	2.31044	0.0256
919.5	2.31038	0.02559
920	2.31032	0.02558
920.5	2.31026	0.02557
921	2.31021	0.02556
921.5	2.31015	0.02555
922	2.31009	0.02555
922.5	2.31003	0.02554
923	2.30998	0.02553
923.5	2.30992	0.02552
924	2.30986	0.02551
924.5	2.3098	0.0255
925	2.30974	0.02549
925.5	2.30969	0.02549
926	2.30963	0.02548
926.5	2.30957	0.02547
927	2.30952	0.02546
927.5	2.30946	0.02545
928	2.3094	0.02544
928.5	2.30934	0.02543
929	2.30929	0.02542
929.5	2.30923	0.02542
930	2.30917	0.02541
930.5	2.30912	0.0254
931	2.30906	0.02539
931.5	2.309	0.02538
932	2.30895	0.02537
932.5	2.30889	0.02537
933	2.30883	0.02536
933.5	2.30878	0.02535
934	2.30872	0.02534
934.5	2.30866	0.02533
935	2.30861	0.02532
935.5	2.30855	0.02532
936	2.30849	0.02531
936.5	2.30844	0.0253
937	2.30838	0.02529
937.5	2.30834	0.02528
938	2.30829	0.02527
938.5	2.30824	0.02527
939	2.30819	0.02526
939.5	2.30814	0.02525
940	2.3081	0.02524
940.5	2.30805	0.02523
941	2.308	0.02522
941.5	2.30795	0.02522
942	2.30791	0.02521
942.5	2.30786	0.0252
943	2.30781	0.02519
943.5	2.30776	0.02518
944	2.3077	0.02518
944.5	2.30765	0.02517
945	2.30759	0.02516
945.5	2.30754	0.02515
946	2.30748	0.02514
946.5	2.30743	0.02514
947	2.30737	0.02513
947.5	2.30732	0.02512
948	2.30726	0.02511
948.5	2.30721	0.0251
949	2.30715	0.02509
949.5	2.3071	0.02509
950	2.30704	0.02508
950.5	2.30699	0.02507
951	2.30694	0.02506
951.5	2.30688	0.02506
952	2.30683	0.02505
952.5	2.30677	0.02504
953	2.30672	0.02503
953.5	2.30666	0.02502
954	2.30661	0.02502
954.5	2.30656	0.02501
955	2.3065	0.025
955.5	2.30645	0.02499
956	2.30639	0.02498
956.5	2.30634	0.02498
957	2.30629	0.02497
957.5	2.30623	0.02496
958	2.30618	0.02495
958.5	2.30613	0.02495
959	2.30607	0.02494
959.5	2.30602	0.02493
960	2.30597	0.02492
960.5	2.30591	0.02491
961	2.30586	0.02491
961.5	2.3058	0.0249
962	2.30575	0.02489
962.5	2.3057	0.02488
963	2.30565	0.02488
963.5	2.30561	0.02487
964	2.30556	0.02486
964.5	2.30552	0.02485
965	2.30547	0.02485
965.5	2.30543	0.02484
966	2.30538	0.02483
966.5	2.30534	0.02482
967	2.30529	0.02481
967.5	2.30525	0.02481
968	2.3052	0.0248
968.5	2.30516	0.02479
969	2.30511	0.02478
969.5	2.30506	0.02478
970	2.30501	0.02477
970.5	2.30496	0.02476
971	2.3049	0.02475
971.5	2.30485	0.02475
972	2.3048	0.02474
972.5	2.30475	0.02473
973	2.3047	0.02472
973.5	2.30464	0.02472
974	2.30459	0.02471
974.5	2.30454	0.0247
975	2.30449	0.02469
975.5	2.30444	0.02469
976	2.30438	0.02468
976.5	2.30433	0.02467
977	2.30428	0.02466
977.5	2.30423	0.02466
978	2.30418	0.02465
978.5	2.30413	0.02464
979	2.30408	0.02464
979.5	2.30402	0.02463
980	2.30397	0.02462
980.5	2.30392	0.02461
981	2.30387	0.02461
981.5	2.30382	0.0246
982	2.30377	0.02459
982.5	2.30372	0.02458
983	2.30367	0.02458
983.5	2.30363	0.02457
984	2.30358	0.02456
984.5	2.30354	0.02456
985	2.3035	0.02455
985.5	2.30345	0.02454
986	2.30341	0.02453
986.5	2.30337	0.02453
987	2.30332	0.02452
987.5	2.30328	0.02451
988	2.30324	0.0245
988.5	2.30319	0.0245
989	2.30315	0.02449
989.5	2.3031	0.02448
990	2.30306	0.02448
990.5	2.30301	0.02447
991	2.30296	0.02446
991.5	2.30291	0.02445
992	2.30286	0.02445
992.5	2.30281	0.02444
993	2.30276	0.02443
993.5	2.30271	0.02443
994	2.30266	0.02442
994.5	2.30261	0.02441
995	2.30256	0.02441
995.5	2.30251	0.0244
996	2.30246	0.02439
996.5	2.30241	0.02438
997	2.30237	0.02438
997.5	2.30232	0.02437
998	2.30228	0.02436
998.5	2.30224	0.02436
999	2.3022	0.02435
999.5	2.30215	0.02434
1000	2.30211	0.02434
1000.5	2.30207	0.02433
1001	2.30203	0.02432
1001.5	2.30199	0.02431
1002	2.30194	0.02431
1002.5	2.3019	0.0243
1003	2.30186	0.02429
1003.5	2.30181	0.02429
1004	2.30177	0.02428
1004.5	2.30172	0.02427
1005	2.30167	0.02427
1005.5	2.30163	0.02426
1006	2.30158	0.02425
1006.5	2.30153	0.02425
1007	2.30148	0.02424
1007.5	2.30143	0.02423
1008	2.30138	0.02423
1008.5	2.30133	0.02422
1009	2.30128	0.02421
1009.5	2.30124	0.02421
1010	2.30119	0.0242
1010.5	2.30114	0.02419
1011	2.30109	0.02418
1011.5	2.30105	0.02418
1012	2.30101	0.02417
1012.5	2.30097	0.02416
1013	2.30093	0.02416
1013.5	2.30089	0.02415
1014	2.30085	0.02414
1014.5	2.3008	0.02414
1015	2.30076	0.02413
1015.5	2.30072	0.02412
1016	2.30068	0.02412
1016.5	2.30064	0.02411
1017	2.3006	0.0241
1017.5	2.30056	0.0241
1018	2.30052	0.02409
1018.5	2.30047	0.02409
1019	2.30043	0.02408
1019.5	2.30038	0.02407
1020	2.30033	0.02407
1020.5	2.30029	0.02406
1021	2.30024	0.02405
1021.5	2.30019	0.02405
1022	2.30015	0.02404
1022.5	2.3001	0.02403
1023	2.30005	0.02403
1023.5	2.30001	0.02402
1024	2.29996	0.02401
1024.5	2.29991	0.02401
1025	2.29987	0.024
1025.5	2.29982	0.02399
1026	2.29978	0.02399
1026.5	2.29974	0.02398
1027	2.2997	0.02398
1027.5	2.29966	0.02397
1028	2.29962	0.02396
1028.5	2.29958	0.02396
1029	2.29954	0.02395
1029.5	2.2995	0.02394
1030	2.29946	0.02394
1030.5	2.29942	0.02393
1031	2.29938	0.02392
1031.5	2.29934	0.02392
1032	2.2993	0.02391
1032.5	2.29926	0.0239
1033	2.29922	0.0239
1033.5	2.29918	0.02389
1034	2.29914	0.02388
1034.5	2.2991	0.02388
1035	2.29906	0.02387
1035.5	2.29902	0.02387
1036	2.29898	0.02386
1036.5	2.29894	0.02385
1037	2.2989	0.02385
1037.5	2.29886	0.02384
1038	2.29882	0.02383
1038.5	2.29878	0.02383
1039	2.29874	0.02382
1039.5	2.2987	0.02381
1040	2.29866	0.02381
1040.5	2.29862	0.0238
1041	2.29858	0.02379
1041.5	2.29854	0.02379
1042	2.2985	0.02378
1042.5	2.29846	0.02377
1043	2.29842	0.02377
1043.5	2.29838	0.02376
1044	2.29834	0.02376
1044.5	2.2983	0.02375
1045	2.29826	0.02374
1045.5	2.29822	0.02374
1046	2.29818	0.02373
1046.5	2.29814	0.02372
1047	2.2981	0.02372
1047.5	2.29806	0.02371
1048	2.29802	0.0237
1048.5	2.29798	0.0237
1049	2.29794	0.02369
1049.5	2.2979	0.02368
1050	2.29786	0.02368
1050.5	2.29782	0.02367
1051	2.29778	0.02366
1051.5	2.29774	0.02366
1052	2.2977	0.02365
1052.5	2.29766	0.02365
1053	2.29762	0.02364
1053.5	2.29758	0.02363
1054	2.29754	0.02363
1054.5	2.2975	0.02362
1055	2.29746	0.02361
1055.5	2.29742	0.02361
1056	2.29738	0.0236
1056.5	2.29734	0.02359
1057	2.2973	0.02359
1057.5	2.29726	0.02358
1058	2.29722	0.02357
1058.5	2.29718	0.02357
1059	2.29714	0.02356
1059.5	2.2971	0.02355
1060	2.29706	0.02355
1060.5	2.29702	0.02354
1061	2.29698	0.02354
1061.5	2.29694	0.02353
1062	2.2969	0.02352
1062.5	2.29686	0.02352
1063	2.29682	0.02351
1063.5	2.29678	0.0235
1064	2.29674	0.0235
1064.5	2.2967	0.02349
1065	2.29666	0.02348
1065.5	2.29662	0.02348
1066	2.29658	0.02347
1066.5	2.29654	0.02346
1067	2.2965	0.02346
1067.5	2.29646	0.02345
1068	2.29642	0.02344
1068.5	2.29638	0.02344
1069	2.29634	0.02343
1069.5	2.2963	0.02343
1070	2.29626	0.02342
1070.5	2.29622	0.02341
1071	2.29618	0.02341
1071.5	2.29614	0.0234
1072	2.2961	0.02339
1072.5	2.29606	0.02339
1073	2.29602	0.02338
1073.5	2.29598	0.02337
1074	2.29594	0.02337
1074.5	2.2959	0.02336
1075	2.29586	0.02335
1075.5	2.29582	0.02335
1076	2.29578	0.02334
1076.5	2.29574	0.02333
1077	2.2957	0.02333
1077.5	2.29566	0.02332
1078	2.29562	0.02332
1078.5	2.29558	0.02331
1079	2.29554	0.0233
1079.5	2.2955	0.0233
1080	2.29546	0.02329
1080.5	2.29542	0.02328
1081	2.29538	0.02328
1081.5	2.29534	0.02327
1082	2.2953	0.02326
1082.5	2.29526	0.02326
1083	2.29522	0.02325
1083.5	2.29518	0.02324
1084	2.29514	0.02324
1084.5	2.2951	0.02323
1085	2.29506	0.02323
1085.5	2.29502	0.02322
1086	2.29498	0.02321
1086.5	2.29494	0.02321
1087	2.2949	0.0232
1087.5	2.29486	0.02319
1088	2.29482	0.02319
1088.5	2.29478	0.02318
1089	2.29474	0.02317
1089.5	2.2947	0.02317
1090	2.29466	0.02316
1090.5	2.29462	0.02315
1091	2.29458	0.02315
1091.5	2.29454	0.02314
1092	2.2945	0.02313
1092.5	2.29446	0.02313
1093	2.29442	0.02312
1093.5	2.29438	0.02312
1094	2.29434	0.02311
1094.5	2.2943	0.0231
1095	2.29426	0.0231
1095.5	2.29422	0.02309
1096	2.29418	0.02308
1096.5	2.29414	0.02308
1097	2.2941	0.02307
1097.5	2.29406	0.02306
1098	2.29402	0.02306
1098.5	2.29398	0.02305
1099	2.29394	0.02304
1099.5	2.2939	0.02304
1100	2.29386	0.02303
1100.5	2.29382	0.02302
1101	2.29378	0.02302
1101.5	2.29374	0.02301
1102	2.2937	0.02301
1102.5	2.29366	0.023
1103	2.29362	0.02299
1103.5	2.29358	0.02299
1104	2.29354	0.02298
1104.5	2.2935	0.02297
1105	2.29346	0.02297
1105.5	2.29342	0.02296
1106	2.29338	0.02295
1106.5	2.29334	0.02295
1107	2.2933	0.02294
1107.5	2.29326	0.02293
1108	2.29322	0.02293
1108.5	2.29318	0.02292
1109	2.29314	0.02291
1109.5	2.2931	0.02291
1110	2.29306	0.0229
1110.5	2.29302	0.0229
1111	2.29298	0.02289
1111.5	2.29294	0.02288
1112	2.2929	0.02288
1112.5	2.29286	0.02287
1113	2.29282	0.02286
1113.5	2.29278	0.02286
1114	2.29274	0.02285
1114.5	2.2927	0.02284
1115	2.29266	0.02284
1115.5	2.29262	0.02283
1116	2.29258	0.02282
1116.5	2.29254	0.02282
1117	2.2925	0.02281
1117.5	2.29246	0.0228
1118	2.29242	0.0228
1118.5	2.29238	0.02279
1119	2.29234	0.02279
1119.5	2.2923	0.02278
1120	2.29226	0.02277
1120.5	2.29222	0.02277
1121	2.29218	0.02276
1121.5	2.29214	0.02275
1122	2.2921	0.02275
1122.5	2.29206	0.02274
1123	2.29202	0.02273
1123.5	2.29198	0.02273
1124	2.29194	0.02272
1124.5	2.2919	0.02271
1125	2.29186	0.02271
1125.5	2.29182	0.0227
1126	2.29178	0.02269
1126.5	2.29174	0.02269
1127	2.2917	0.02268
1127.5	2.29166	0.02268
1128	2.29162	0.02267
1128.5	2.29158	0.02266
1129	2.29154	0.02266
1129.5	2.2915	0.02265
1130	2.29146	0.02264
1130.5	2.29142	0.02264
1131	2.29138	0.02263
1131.5	2.29134	0.02262
1132	2.2913	0.02262
1132.5	2.29126	0.02261
1133	2.29122	0.0226
1133.5	2.29118	0.0226
1134	2.29114	0.02259
1134.5	2.2911	0.02258
1135	2.29106	0.02258
1135.5	2.29102	0.02257
1136	2.29098	0.02257
1136.5	2.29094	0.02256
1137	2.2909	0.02255
1137.5	2.29086	0.02255
1138	2.29082	0.02254
1138.5	2.29078	0.02253
1139	2.29074	0.02253
1139.5	2.2907	0.02252
1140	2.29066	0.02251
1140.5	2.29062	0.02251
1141	2.29058	0.0225
1141.5	2.29054	0.02249
1142	2.2905	0.02249
1142.5	2.29046	0.02248
1143	2.29042	0.02247
1143.5	2.29038	0.02247
1144	2.29034	0.02246
1144.5	2.2903	0.02246
1145	2.29026	0.02245
1145.5	2.29022	0.02244
1146	2.29018	0.02244
1146.5	2.29014	0.02243
1147	2.2901	0.02242
1147.5	2.29006	0.02242
1148	2.29002	0.02241
1148.5	2.28998	0.0224
1149	2.28994	0.0224
1149.5	2.2899	0.02239
1150	2.28986	0.02238
1150.5	2.28982	0.02238
1151	2.28978	0.02237
1151.5	2.28974	0.02236
1152	2.2897	0.02236
1152.5	2.28966	0.02235
1153	2.28962	0.02235
1153.5	2.28958	0.02234
1154	2.28954	0.02233
1154.5	2.2895	0.02233
1155	2.28946	0.02232
1155.5	2.28942	0.02231
1156	2.28938	0.02231
1156.5	2.28934	0.0223
1157	2.2893	0.02229
1157.5	2.28926	0.02229
1158	2.28922	0.02228
1158.5	2.28918	0.02227
1159	2.28914	0.02227
1159.5	2.2891	0.02226
1160	2.28906	0.02226
1160.5	2.28902	0.02225
1161	2.28898	0.02224
1161.5	2.28894	0.02224
1162	2.2889	0.02223
1162.5	2.28886	0.02222
1163	2.28882	0.02222
1163.5	2.28878	0.02221
1164	2.28874	0.0222
1164.5	2.2887	0.0222
1165	2.28866	0.02219
1165.5	2.28862	0.02218
1166	2.28858	0.02218
1166.5	2.28854	0.02217
1167	2.2885	0.02216
1167.5	2.28846	0.02216
1168	2.28842	0.02215
1168.5	2.28838	0.02215
1169	2.28834	0.02214
1169.5	2.2883	0.02213
1170	2.28826	0.02213
1170.5	2.28822	0.02212
1171	2.28818	0.02211
1171.5	2.28814	0.02211
1172	2.2881	0.0221
1172.5	2.28806	0.02209
1173	2.28802	0.02209
1173.5	2.28798	0.02208
1174	2.28794	0.02207
1174.5	2.2879	0.02207
1175	2.28786	0.02206
1175.5	2.28782	0.02205
1176	2.28778	0.02205
1176.5	2.28774	0.02204
1177	2.2877	0.02204
1177.5	2.28766	0.02203
1178	2.28762	0.02202
1178.5	2.28758	0.02202
1179	2.28754	0.02201
1179.5	2.2875	0.022
1180	2.28746	0.022
1180.5	2.28742	0.02199
1181	2.28738	0.02198
1181.5	2.28734	0.02198
1182	2.2873	0.02197
1182.5	2.28726	0.02196
1183	2.28722	0.02196
1183.5	2.28718	0.02195
1184	2.28714	0.02194
1184.5	2.2871	0.02194
1185	2.28706	0.02193
1185.5	2.28702	0.02193
1186	2.28698	0.02192
1186.5	2.28694	0.02191
1187	2.2869	0.02191
1187.5	2.28686	0.0219
1188	2.28682	0.02189
1188.5	2.28678	0.02189
1189	2.28674	0.02188
1189.5	2.2867	0.02187
1190	2.28666	0.02187
1190.5	2.28662	0.02186
1191	2.28658	0.02185
1191.5	2.28654	0.02185
1192	2.2865	0.02184
1192.5	2.28646	0.02183
1193	2.28642	0.02183
1193.5	2.28638	0.02182
1194	2.28634	0.02182
1194.5	2.2863	0.02181
1195	2.28626	0.0218
1195.5	2.28622	0.0218
1196	2.28618	0.02179
1196.5	2.28614	0.02178
1197	2.2861	0.02178
1197.5	2.28606	0.02177
1198	2.28602	0.02176
1198.5	2.28598	0.02176
1199	2.28594	0.02175
1199.5	2.2859	0.02174
1200	2.28586	0.02174
1200.5	2.28582	0.02173
1201	2.28578	0.02172
1201.5	2.28574	0.02172
1202	2.2857	0.02171
1202.5	2.28566	0.02171
1203	2.28562	0.0217
1203.5	2.28558	0.02169
1204	2.28554	0.02169
1204.5	2.2855	0.02168
1205	2.28546	0.02167
1205.5	2.28542	0.02167
1206	2.28538	0.02166
1206.5	2.28534	0.02165
1207	2.2853	0.02165
1207.5	2.28526	0.02164
1208	2.28522	0.02163
1208.5	2.28518	0.02163
1209	2.28514	0.02162
1209.5	2.2851	0.02161
1210	2.28506	0.02161
1210.5	2.28502	0.0216
1211	2.28498	0.0216
1211.5	2.28494	0.02159
1212	2.2849	0.02158
1212.5	2.28486	0.02158
1213	2.28482	0.02157
1213.5	2.28478	0.02156
1214	2.28474	0.02156
1214.5	2.2847	0.02155
1215	2.28466	0.02154
1215.5	2.28462	0.02154
1216	2.28458	0.02153
1216.5	2.28454	0.02152
1217	2.2845	0.02152
1217.5	2.28446	0.02151
1218	2.28442	0.0215
1218.5	2.28438	0.0215
1219	2.28434	0.02149
1219.5	2.2843	0.02149
1220	2.28426	0.02148
1220.5	2.28422	0.02147
1221	2.28418	0.02147
1221.5	2.28414	0.02146
1222	2.2841	0.02145
1222.5	2.28406	0.02145
1223	2.28402	0.02144
1223.5	2.28398	0.02143
1224	2.28394	0.02143
1224.5	2.2839	0.02142
1225	2.28386	0.02141
1225.5	2.28382	0.02141
1226	2.28378	0.0214
1226.5	2.28374	0.02139
1227	2.2837	0.02139
1227.5	2.28366	0.02138
1228	2.28362	0.02138
1228.5	2.28358	0.02137
1229	2.28354	0.02136
1229.5	2.2835	0.02136
1230	2.28346	0.02135
1230.5	2.28342	0.02134
1231	2.28338	0.02134
1231.5	2.28334	0.02133
1232	2.2833	0.02132
1232.5	2.28326	0.02132
1233	2.28322	0.02131
1233.5	2.28318	0.0213
1234	2.28314	0.0213
1234.5	2.2831	0.02129
1235	2.28306	0.02129
1235.5	2.28302	0.02128
1236	2.28298	0.02127
1236.5	2.28294	0.02127
1237	2.2829	0.02126
1237.5	2.28286	0.02125
1238	2.28282	0.02125
1238.5	2.28278	0.02124
1239	2.28274	0.02123
1239.5	2.2827	0.02123
1240	2.28266	0.02122
1240.5	2.28262	0.02121
1241	2.28258	0.02121
1241.5	2.28254	0.0212
1242	2.2825	0.02119
1242.5	2.28246	0.02119
1243	2.28242	0.02118
1243.5	2.28238	0.02118
1244	2.28234	0.02117
1244.5	2.2823	0.02116
1245	2.28226	0.02116
1245.5	2.28222	0.02115
1246	2.28218	0.02114
1246.5	2.28214	0.02114
1247	2.2821	0.02113
1247.5	2.28206	0.02112
1248	2.28202	0.02112
1248.5	2.28198	0.02111
1249	2.28194	0.0211
1249.5	2.2819	0.0211
1250	2.28186	0.02109
1250.5	2.28182	0.02108
1251	2.28178	0.02108
1251.5	2.28174	0.02107
1252	2.2817	0.02107
1252.5	2.28166	0.02106
1253	2.28162	0.02105
1253.5	2.28158	0.02105
1254	2.28154	0.02104
1254.5	2.2815	0.02103
1255	2.28146	0.02103
1255.5	2.28142	0.02102
1256	2.28138	0.02101
1256.5	2.28134	0.02101
1257	2.2813	0.021
1257.5	2.28126	0.02099
1258	2.28122	0.02099
1258.5	2.28118	0.02098
1259	2.28114	0.02097
1259.5	2.2811	0.02097
1260	2.28106	0.02096
1260.5	2.28102	0.02096
1261	2.28098	0.02095
1261.5	2.28094	0.02094
1262	2.2809	0.02094
1262.5	2.28086	0.02093
1263	2.28082	0.02092
1263.5	2.28078	0.02092
1264	2.28074	0.02091
1264.5	2.2807	0.0209
1265	2.28066	0.0209
1265.5	2.28062	0.02089
1266	2.28058	0.02088
1266.5	2.28054	0.02088
1267	2.2805	0.02087
1267.5	2.28046	0.02086
1268	2.28042	0.02086
1268.5	2.28038	0.02085
1269	2.28034	0.02085
1269.5	2.2803	0.02084
1270	2.28026	0.02083
1270.5	2.28022	0.02083
1271	2.28018	0.02082
1271.5	2.28014	0.02081
1272	2.2801	0.02081
1272.5	2.28006	0.0208
1273	2.28002	0.02079
1273.5	2.27998	0.02079
1274	2.27994	0.02078
1274.5	2.2799	0.02077
1275	2.27986	0.02077
1275.5	2.27982	0.02076
1276	2.27978	0.02075
1276.5	2.27974	0.02075
1277	2.2797	0.02074
1277.5	2.27966	0.02074
1278	2.27962	0.02073
1278.5	2.27958	0.02072
1279	2.27954	0.02072
1279.5	2.2795	0.02071
1280	2.27946	0.0207
1280.5	2.27942	0.0207
1281	2.27938	0.02069
1281.5	2.27934	0.02068
1282	2.2793	0.02068
1282.5	2.27926	0.02067
1283	2.27922	0.02066
1283.5	2.27918	0.02066
1284	2.27914	0.02065
1284.5	2.2791	0.02064
1285	2.27906	0.02064
1285.5	2.27902	0.02063
1286	2.27898	0.02063
1286.5	2.27894	0.02062
1287	2.2789	0.02061
1287.5	2.27886	0.02061
1288	2.27882	0.0206
1288.5	2.27878	0.02059
1289	2.27874	0.02059
1289.5	2.2787	0.02058
1290	2.27866	0.02057
1290.5	2.27862	0.02057
1291	2.27858	0.02056
1291.5	2.27854	0.02055
1292	2.2785	0.02055
1292.5	2.27846	0.02054
1293	2.27842	0.02053
1293.5	2.27838	0.02053
1294	2.27834	0.02052
1294.5	2.2783	0.02052
1295	2.27826	0.02051
1295.5	2.27822	0.0205
1296	2.27818	0.0205
1296.5	2.27814	0.02049
1297	2.2781	0.02048
1297.5	2.27806	0.02048
1298	2.27802	0.02047
1298.5	2.27798	0.02046
1299	2.27794	0.02046
1299.5	2.2779	0.02045
1300	2.27786	0.02044
1300.5	2.27782	0.02044
1301	2.27778	0.02043
1301.5	2.27774	0.02042
1302	2.2777	0.02042
1302.5	2.27766	0.02041
1303	2.27762	0.02041
1303.5	2.27758	0.0204
1304	2.27754	0.02039
1304.5	2.2775	0.02039
1305	2.27746	0.02038
1305.5	2.27742	0.02037
1306	2.27738	0.02037
1306.5	2.27734	0.02036
1307	2.2773	0.02035
1307.5	2.27726	0.02035
1308	2.27722	0.02034
1308.5	2.27718	0.02033
1309	2.27714	0.02033
1309.5	2.2771	0.02032
1310	2.27706	0.02032
1310.5	2.27702	0.02031
1311	2.27698	0.0203
1311.5	2.27694	0.0203
1312	2.2769	0.02029
1312.5	2.27686	0.02028
1313	2.27682	0.02028
1313.5	2.27678	0.02027
1314	2.27674	0.02026
1314.5	2.2767	0.02026
1315	2.27666	0.02025
1315.5	2.27662	0.02024
1316	2.27658	0.02024
1316.5	2.27654	0.02023
1317	2.2765	0.02022
1317.5	2.27646	0.02022
1318	2.27642	0.02021
1318.5	2.27638	0.02021
1319	2.27634	0.0202
1319.5	2.2763	0.02019
1320	2.27626	0.02019
1320.5	2.27622	0.02018
1321	2.27618	0.02017
1321.5	2.27614	0.02017
1322	2.2761	0.02016
1322.5	2.27606	0.02015
1323	2.27602	0.02015
1323.5	2.27598	0.02014
1324	2.27594	0.02013
1324.5	2.2759	0.02013
1325	2.27586	0.02012
1325.5	2.27582	0.02011
1326	2.27578	0.02011
1326.5	2.27574	0.0201
1327	2.2757	0.0201
1327.5	2.27566	0.02009
1328	2.27562	0.02008
1328.5	2.27558	0.02008
1329	2.27554	0.02007
1329.5	2.2755	0.02006
1330	2.27546	0.02006
1330.5	2.27542	0.02005
1331	2.27538	0.02004
1331.5	2.27534	0.02004
1332	2.2753	0.02003
1332.5	2.27526	0.02002
1333	2.27522	0.02002
1333.5	2.27518	0.02001
1334	2.27514	0.02
1334.5	2.2751	0.02
1335	2.27506	0.01999
1335.5	2.27502	0.01999
1336	2.27498	0.01998
1336.5	2.27494	0.01997
1337	2.2749	0.01997
1337.5	2.27486	0.01996
1338	2.27482	0.01995
1338.5	2.27478	0.01995
1339	2.27474	0.01994
1339.5	2.2747	0.01993
1340	2.27466	0.01993
1340.5	2.27462	0.01992
1341	2.27458	0.01991
1341.5	2.27454	0.01991
1342	2.2745	0.0199
1342.5	2.27446	0.01989
1343	2.27442	0.01989
1343.5	2.27438	0.01988
1344	2.27434	0.01988
1344.5	2.2743	0.01987
1345	2.27426	0.01986
1345.5	2.27422	0.01986
1346	2.27418	0.01985
1346.5	2.27414	0.01984
1347	2.2741	0.01984
1347.5	2.27406	0.01983
1348	2.27402	0.01982
1348.5	2.27398	0.01982
1349	2.27394	0.01981
1349.5	2.2739	0.0198
1350	2.27386	0.0198
1350.5	2.27382	0.01979
1351	2.27378	0.01978
1351.5	2.27374	0.01978
1352	2.2737	0.01977
1352.5	2.27366	0.01977
1353	2.27362	0.01976
1353.5	2.27358	0.01975
1354	2.27354	0.01975
1354.5	2.2735	0.01974
1355	2.27346	0.01973
1355.5	2.27342	0.01973
1356	2.27338	0.01972
1356.5	2.27334	0.01971
1357	2.2733	0.01971
1357.5	2.27326	0.0197
1358	2.27322	0.01969
1358.5	2.27318	0.01969
1359	2.27314	0.01968
1359.5	2.2731	0.01967
1360	2.27306	0.01967
1360.5	2.27302	0.01966
1361	2.27298	0.01966
1361.5	2.27294	0.01965
1362	2.2729	0.01964
1362.5	2.27286	0.01964
1363	2.27282	0.01963
1363.5	2.27278	0.01962
1364	2.27274	0.01962
1364.5	2.2727	0.01961
1365	2.27266	0.0196
1365.5	2.27262	0.0196
1366	2.27258	0.01959
1366.5	2.27254	0.01958
1367	2.2725	0.01958
1367.5	2.27246	0.01957
1368	2.27242	0.01956
1368.5	2.27238	0.01956
1369	2.27234	0.01955
1369.5	2.2723	0.01955
1370	2.27226	0.01954
1370.5	2.27222	0.01953
1371	2.27218	0.01953
1371.5	2.27214	0.01952
1372	2.2721	0.01951
1372.5	2.27206	0.01951
1373	2.27202	0.0195
1373.5	2.27198	0.01949
1374	2.27194	0.01949
1374.5	2.2719	0.01948
1375	2.27186	0.01947
1375.5	2.27182	0.01947
1376	2.27178	0.01946
1376.5	2.27174	0.01945
1377	2.2717	0.01945
1377.5	2.27166	0.01944
1378	2.27162	0.01944
1378.5	2.27158	0.01943
1379	2.27154	0.01942
1379.5	2.2715	0.01942
1380	2.27146	0.01941
1380.5	2.27142	0.0194
1381	2.27138	0.0194
1381.5	2.27134	0.01939
1382	2.2713	0.01938
1382.5	2.27126	0.01938
1383	2.27122	0.01937
1383.5	2.27118	0.01936
1384	2.27114	0.01936
1384.5	2.2711	0.01935
1385	2.27106	0.01935
1385.5	2.27102	0.01934
1386	2.27098	0.01933
1386.5	2.27094	0.01933
1387	2.2709	0.01932
1387.5	2.27086	0.01931
1388	2.27082	0.01931
1388.5	2.27078	0.0193
1389	2.27074	0.01929
1389.5	2.2707	0.01929
1390	2.27066	0.01928
1390.5	2.27062	0.01927
1391	2.27058	0.01927
1391.5	2.27054	0.01926
1392	2.2705	0.01925
1392.5	2.27046	0.01925
1393	2.27042	0.01924
1393.5	2.27038	0.01924
1394	2.27034	0.01923
1394.5	2.2703	0.01922
1395	2.27026	0.01922
1395.5	2.27022	0.01921
1396	2.27018	0.0192
1396.5	2.27014	0.0192
1397	2.2701	0.01919
1397.5	2.27006	0.01918
1398	2.27002	0.01918
1398.5	2.26998	0.01917
1399	2.26994	0.01916
1399.5	2.2699	0.01916
1400	2.26986	0.01915
1400.5	2.26982	0.01914
1401	2.26978	0.01914
1401.5	2.26974	0.01913
1402	2.2697	0.01913
1402.5	2.26966	0.01912
1403	2.26962	0.01911
1403.5	2.26958	0.01911
1404	2.26954	0.0191
1404.5	2.2695	0.01909
1405	2.26946	0.01909
1405.5	2.26942	0.01908
1406	2.26938	0.01907
1406.5	2.26934	0.01907
1407	2.2693	0.01906
1407.5	2.26926	0.01905
1408	2.26922	0.01905
1408.5	2.26918	0.01904
1409	2.26914	0.01903
1409.5	2.2691	0.01903
1410	2.26906	0.01902
1410.5	2.26902	0.01902
1411	2.26898	0.01901
1411.5	2.26894	0.019
1412	2.2689	0.019
1412.5	2.26886	0.01899
1413	2.26882	0.01898
1413.5	2.26878	0.01898
1414	2.26874	0.01897
1414.5	2.2687	0.01896
1415	2.26866	0.01896
1415.5	2.26862	0.01895
1416	2.26858	0.01894
1416.5	2.26854	0.01894
1417	2.2685	0.01893
1417.5	2.26846	0.01892
1418	2.26842	0.01892
1418.5	2.26838	0.01891
1419	2.26834	0.01891
1419.5	2.2683	0.0189
1420	2.26826	0.01889
1420.5	2.26822	0.01889
1421	2.26818	0.01888
1421.5	2.26814	0.01887
1422	2.2681	0.01887
1422.5	2.26806	0.01886
1423	2.26802	0.01885
1423.5	2.26798	0.01885
1424	2.26794	0.01884
1424.5	2.2679	0.01883
1425	2.26786	0.01883
1425.5	2.26782	0.01882
1426	2.26778	0.01881
1426.5	2.26774	0.01881
1427	2.2677	0.0188
1427.5	2.26766	0.0188
1428	2.26762	0.01879
1428.5	2.26758	0.01878
1429	2.26754	0.01878
1429.5	2.2675	0.01877
1430	2.26746	0.01876
1430.5	2.26742	0.01876
1431	2.26738	0.01875
1431.5	2.26734	0.01874
1432	2.2673	0.01874
1432.5	2.26726	0.01873
1433	2.26722	0.01872
1433.5	2.26718	0.01872
1434	2.26714	0.01871
1434.5	2.2671	0.0187
1435	2.26706	0.0187
1435.5	2.26702	0.01869
1436	2.26698	0.01869
1436.5	2.26694	0.01868
1437	2.2669	0.01867
1437.5	2.26686	0.01867
1438	2.26682	0.01866
1438.5	2.26678	0.01865
1439	2.26674	0.01865
1439.5	2.2667	0.01864
1440	2.26666	0.01863
1440.5	2.26662	0.01863
1441	2.26658	0.01862
1441.5	2.26654	0.01861
1442	2.2665	0.01861
1442.5	2.26646	0.0186
1443	2.26642	0.01859
1443.5	2.26638	0.01859
1444	2.26634	0.01858
1444.5	2.2663	0.01858
1445	2.26626	0.01857
1445.5	2.26622	0.01856
1446	2.26618	0.01856
1446.5	2.26614	0.01855
1447	2.2661	0.01854
1447.5	2.26606	0.01854
1448	2.26602	0.01853
1448.5	2.26598	0.01852
1449	2.26594	0.01852
1449.5	2.2659	0.01851
1450	2.26586	0.0185
1450.5	2.26582	0.0185
1451	2.26578	0.01849
1451.5	2.26574	0.01848
1452	2.2657	0.01848
1452.5	2.26566	0.01847
1453	2.26562	0.01847
1453.5	2.26558	0.01846
1454	2.26554	0.01845
1454.5	2.2655	0.01845
1455	2.26546	0.01844
1455.5	2.26542	0.01843
1456	2.26538	0.01843
1456.5	2.26534	0.01842
1457	2.2653	0.01841
1457.5	2.26526	0.01841
1458	2.26522	0.0184
1458.5	2.26518	0.01839
1459	2.26514	0.01839
1459.5	2.2651	0.01838
1460	2.26506	0.01838
1460.5	2.26502	0.01837
1461	2.26498	0.01836
1461.5	2.26494	0.01836
1462	2.2649	0.01835
1462.5	2.26486	0.01834
1463	2.26482	0.01834
1463.5	2.26478	0.01833
1464	2.26474	0.01832
1464.5	2.2647	0.01832
1465	2.26466	0.01831
1465.5	2.26462	0.0183
1466	2.26458	0.0183
1466.5	2.26454	0.01829
1467	2.2645	0.01828
1467.5	2.26446	0.01828
1468	2.26442	0.01827
1468.5	2.26438	0.01827
1469	2.26434	0.01826
1469.5	2.2643	0.01825
1470	2.26426	0.01825
1470.5	2.26422	0.01824
1471	2.26418	0.01823
1471.5	2.26414	0.01823
1472	2.2641	0.01822
1472.5	2.26406	0.01821
1473	2.26402	0.01821
1473.5	2.26398	0.0182
1474	2.26394	0.01819
1474.5	2.2639	0.01819
1475	2.26386	0.01818
1475.5	2.26382	0.01817
1476	2.26378	0.01817
1476.5	2.26374	0.01816
1477	2.2637	0.01816
1477.5	2.26366	0.01815
1478	2.26362	0.01814
1478.5	2.26358	0.01814
1479	2.26354	0.01813
1479.5	2.2635	0.01812
1480	2.26346	0.01812
1480.5	2.26342	0.01811
1481	2.26338	0.0181
1481.5	2.26334	0.0181
1482	2.2633	0.01809
1482.5	2.26326	0.01808
1483	2.26322	0.01808
1483.5	2.26318	0.01807
1484	2.26314	0.01806
1484.5	2.2631	0.01806
1485	2.26306	0.01805
1485.5	2.26302	0.01805
1486	2.26298	0.01804
1486.5	2.26294	0.01803
1487	2.2629	0.01803
1487.5	2.26286	0.01802
1488	2.26282	0.01801
1488.5	2.26278	0.01801
1489	2.26274	0.018
1489.5	2.2627	0.01799
1490	2.26266	0.01799
1490.5	2.26262	0.01798
1491	2.26258	0.01797
1491.5	2.26254	0.01797
1492	2.2625	0.01796
1492.5	2.26246	0.01795
1493	2.26242	0.01795
1493.5	2.26238	0.01794
1494	2.26234	0.01794
1494.5	2.2623	0.01793
1495	2.26226	0.01792
1495.5	2.26222	0.01792
1496	2.26218	0.01791
1496.5	2.26214	0.0179
1497	2.2621	0.0179
1497.5	2.26206	0.01789
1498	2.26202	0.01788
1498.5	2.26198	0.01788
1499	2.26194	0.01787
1499.5	2.2619	0.01786
1500	2.26186	0.01786
1500.5	2.26182	0.01785
1501	2.26178	0.01784
1501.5	2.26174	0.01784
1502	2.2617	0.01783
1502.5	2.26166	0.01783
1503	2.26162	0.01782
1503.5	2.26158	0.01781
1504	2.26154	0.01781
1504.5	2.2615	0.0178
1505	2.26146	0.01779
1505.5	2.26142	0.01779
1506	2.26138	0.01778
1506.5	2.26134	0.01777
1507	2.2613	0.01777
1507.5	2.26126	0.01776
1508	2.26122	0.01775
1508.5	2.26118	0.01775
1509	2.26114	0.01774
1509.5	2.2611	0.01773
1510	2.26106	0.01773
1510.5	2.26102	0.01772
1511	2.26098	0.01772
1511.5	2.26094	0.01771
1512	2.2609	0.0177
1512.5	2.26086	0.0177
1513	2.26082	0.01769
1513.5	2.26078	0.01768
1514	2.26074	0.01768
1514.5	2.2607	0.01767
1515	2.26066	0.01766
1515.5	2.26062	0.01766
1516	2.26058	0.01765
1516.5	2.26054	0.01764
1517	2.2605	0.01764
1517.5	2.26046	0.01763
1518	2.26042	0.01762
1518.5	2.26038	0.01762
1519	2.26034	0.01761
1519.5	2.2603	0.01761
1520	2.26026	0.0176
1520.5	2.26022	0.01759
1521	2.26018	0.01759
1521.5	2.26014	0.01758
1522	2.2601	0.01757
1522.5	2.26006	0.01757
1523	2.26002	0.01756
1523.5	2.25998	0.01755
1524	2.25994	0.01755
1524.5	2.2599	0.01754
1525	2.25986	0.01753
1525.5	2.25982	0.01753
1526	2.25978	0.01752
1526.5	2.25974	0.01751
1527	2.2597	0.01751
1527.5	2.25966	0.0175
1528	2.25962	0.0175
1528.5	2.25958	0.01749
1529	2.25954	0.01748
1529.5	2.2595	0.01748
1530	2.25946	0.01747
1530.5	2.25942	0.01746
1531	2.25938	0.01746
1531.5	2.25934	0.01745
1532	2.2593	0.01744
1532.5	2.25926	0.01744
1533	2.25922	0.01743
1533.5	2.25918	0.01742
1534	2.25914	0.01742
1534.5	2.2591	0.01741
1535	2.25906	0.01741
1535.5	2.25902	0.0174
1536	2.25898	0.01739
1536.5	2.25894	0.01739
1537	2.2589	0.01738
1537.5	2.25886	0.01737
1538	2.25882	0.01737
1538.5	2.25878	0.01736
1539	2.25874	0.01735
1539.5	2.2587	0.01735
1540	2.25866	0.01734
1540.5	2.25862	0.01733
1541	2.25858	0.01733
1541.5	2.25854	0.01732
1542	2.2585	0.01731
1542.5	2.25846	0.01731
1543	2.25842	0.0173
1543.5	2.25838	0.0173
1544	2.25834	0.01729
1544.5	2.2583	0.01728
1545	2.25826	0.01728
1545.5	2.25822	0.01727
1546	2.25818	0.01726
1546.5	2.25814	0.01726
1547	2.2581	0.01725
1547.5	2.25806	0.01724
1548	2.25802	0.01724
1548.5	2.25798	0.01723
1549	2.25794	0.01722
1549.5	2.2579	0.01722
1550	2.25786	0.01721
1550.5	2.25782	0.0172
1551	2.25778	0.0172
1551.5	2.25774	0.01719
1552	2.2577	0.01719
1552.5	2.25766	0.01718
1553	2.25762	0.01717
1553.5	2.25758	0.01717
1554	2.25754	0.01716
1554.5	2.2575	0.01715
1555	2.25746	0.01715
1555.5	2.25742	0.01714
1556	2.25738	0.01713
1556.5	2.25734	0.01713
1557	2.2573	0.01712
1557.5	2.25726	0.01711
1558	2.25722	0.01711
1558.5	2.25718	0.0171
1559	2.25714	0.01709
1559.5	2.2571	0.01709
1560	2.25706	0.01708
1560.5	2.25702	0.01708
1561	2.25698	0.01707
1561.5	2.25694	0.01706
1562	2.2569	0.01706
1562.5	2.25686	0.01705
1563	2.25682	0.01704
1563.5	2.25678	0.01704
1564	2.25674	0.01703
1564.5	2.2567	0.01702
1565	2.25666	0.01702
1565.5	2.25662	0.01701
1566	2.25658	0.017
1566.5	2.25654	0.017
1567	2.2565	0.01699
1567.5	2.25646	0.01698
1568	2.25642	0.01698
1568.5	2.25638	0.01697
1569	2.25634	0.01697
1569.5	2.2563	0.01696
1570	2.25626	0.01695
1570.5	2.25622	0.01695
1571	2.25618	0.01694
1571.5	2.25614	0.01693
1572	2.2561	0.01693
1572.5	2.25606	0.01692
1573	2.25602	0.01691
1573.5	2.25598	0.01691
1574	2.25594	0.0169
1574.5	2.2559	0.01689
1575	2.25586	0.01689
1575.5	2.25582	0.01688
1576	2.25578	0.01687
1576.5	2.25574	0.01687
1577	2.2557	0.01686
1577.5	2.25566	0.01686
1578	2.25562	0.01685
1578.5	2.25558	0.01684
1579	2.25554	0.01684
1579.5	2.2555	0.01683
1580	2.25546	0.01682
1580.5	2.25542	0.01682
1581	2.25538	0.01681
1581.5	2.25534	0.0168
1582	2.2553	0.0168
1582.5	2.25526	0.01679
1583	2.25522	0.01678
1583.5	2.25518	0.01678
1584	2.25514	0.01677
1584.5	2.2551	0.01676
1585	2.25506	0.01676
1585.5	2.25502	0.01675
1586	2.25498	0.01675
1586.5	2.25494	0.01674
1587	2.2549	0.01673
1587.5	2.25486	0.01673
1588	2.25482	0.01672
1588.5	2.25478	0.01671
1589	2.25474	0.01671
1589.5	2.2547	0.0167
1590	2.25466	0.01669
1590.5	2.25462	0.01669
1591	2.25458	0.01668
1591.5	2.25454	0.01667
1592	2.2545	0.01667
1592.5	2.25446	0.01666
1593	2.25442	0.01665
1593.5	2.25438	0.01665
1594	2.25434	0.01664
1594.5	2.2543	0.01664
1595	2.25426	0.01663
1595.5	2.25422	0.01662
1596	2.25418	0.01662
1596.5	2.25414	0.01661
1597	2.2541	0.0166
1597.5	2.25406	0.0166
1598	2.25402	0.01659
1598.5	2.25398	0.01658
1599	2.25394	0.01658
1599.5	2.2539	0.01657
1600	2.25386	0.01656
1600.5	2.25382	0.01656
1601	2.25378	0.01655
1601.5	2.25374	0.01654
1602	2.2537	0.01654
1602.5	2.25366	0.01653
1603	2.25362	0.01653
1603.5	2.25358	0.01652
1604	2.25354	0.01651
1604.5	2.2535	0.01651
1605	2.25346	0.0165
1605.5	2.25342	0.01649
1606	2.25338	0.01649
1606.5	2.25334	0.01648
1607	2.2533	0.01647
1607.5	2.25326	0.01647
1608	2.25322	0.01646
1608.5	2.25318	0.01645
1609	2.25314	0.01645
1609.5	2.2531	0.01644
1610	2.25306	0.01644
1610.5	2.25302	0.01643
1611	2.25298	0.01642
1611.5	2.25294	0.01642
1612	2.2529	0.01641
1612.5	2.25286	0.0164
1613	2.25282	0.0164
1613.5	2.25278	0.01639
1614	2.25274	0.01638
1614.5	2.2527	0.01638
1615	2.25266	0.01637
1615.5	2.25262	0.01636
1616	2.25258	0.01636
1616.5	2.25254	0.01635
1617	2.2525	0.01634
1617.5	2.25246	0.01634
1618	2.25242	0.01633
1618.5	2.25238	0.01633
1619	2.25234	0.01632
1619.5	2.2523	0.01631
1620	2.25226	0.01631
1620.5	2.25222	0.0163
1621	2.25218	0.01629
1621.5	2.25214	0.01629
1622	2.2521	0.01628
1622.5	2.25206	0.01627
1623	2.25202	0.01627
1623.5	2.25198	0.01626
1624	2.25194	0.01625
1624.5	2.2519	0.01625
1625	2.25186	0.01624
1625.5	2.25182	0.01623
1626	2.25178	0.01623
1626.5	2.25174	0.01622
1627	2.2517	0.01622
1627.5	2.25166	0.01621
1628	2.25162	0.0162
1628.5	2.25158	0.0162
1629	2.25154	0.01619
1629.5	2.2515	0.01618
1630	2.25146	0.01618
1630.5	2.25142	0.01617
1631	2.25138	0.01616
1631.5	2.25134	0.01616
1632	2.2513	0.01615
1632.5	2.25126	0.01614
1633	2.25122	0.01614
1633.5	2.25118	0.01613
1634	2.25114	0.01612
1634.5	2.2511	0.01612
1635	2.25106	0.01611
1635.5	2.25102	0.01611
1636	2.25098	0.0161
1636.5	2.25094	0.01609
1637	2.2509	0.01609
1637.5	2.25086	0.01608
1638	2.25082	0.01607
1638.5	2.25078	0.01607
1639	2.25074	0.01606
1639.5	2.2507	0.01605
1640	2.25066	0.01605
1640.5	2.25062	0.01604
1641	2.25058	0.01603
1641.5	2.25054	0.01603
1642	2.2505	0.01602
1642.5	2.25046	0.01601
1643	2.25042	0.01601
1643.5	2.25038	0.016
1644	2.25034	0.016
1644.5	2.2503	0.01599
1645	2.25026	0.01598
1645.5	2.25022	0.01598
1646	2.25018	0.01597
1646.5	2.25014	0.01596
1647	2.2501	0.01596
1647.5	2.25006	0.01595
1648	2.25002	0.01594
1648.5	2.24998	0.01594
1649	2.24994	0.01593
1649.5	2.2499	0.01592
1650	2.24986	0.01592
1650.5	2.24982	0.01591
1651	2.24978	0.0159
1651.5	2.24974	0.0159
1652	2.2497	0.01589
1652.5	2.24966	0.01589
1653	2.24962	0.01588
1653.5	2.24958	0.01587
1654	2.24954	0.01587
1654.5	2.2495	0.01586
1655	2.24946	0.01585
1655.5	2.24942	0.01585
1656	2.24938	0.01584
1656.5	2.24934	0.01583
1657	2.2493	0.01583
1657.5	2.24926	0.01582
1658	2.24922	0.01581
1658.5	2.24918	0.01581
1659	2.24914	0.0158
1659.5	2.2491	0.01579
1660	2.24906	0.01579
1660.5	2.24902	0.01578
1661	2.24898	0.01578
1661.5	2.24894	0.01577
1662	2.2489	0.01576
1662.5	2.24886	0.01576
1663	2.24882	0.01575
1663.5	2.24878	0.01574
1664	2.24874	0.01574
1664.5	2.2487	0.01573
1665	2.24866	0.01572
1665.5	2.24862	0.01572
1666	2.24858	0.01571
1666.5	2.24854	0.0157
1667	2.2485	0.0157
1667.5	2.24846	0.01569
1668	2.24842	0.01568
1668.5	2.24838	0.01568
1669	2.24834	0.01567
1669.5	2.2483	0.01567
1670	2.24826	0.01566
1670.5	2.24822	0.01565
1671	2.24818	0.01565
1671.5	2.24814	0.01564
1672	2.2481	0.01563
1672.5	2.24806	0.01563
1673	2.24802	0.01562
1673.5	2.24798	0.01561
1674	2.24794	0.01561
1674.5	2.2479	0.0156
1675	2.24786	0.01559
1675.5	2.24782	0.01559
1676	2.24778	0.01558
1676.5	2.24774	0.01557
1677	2.2477	0.01557
1677.5	2.24766	0.01556
1678	2.24762	0.01556
1678.5	2.24758	0.01555
1679	2.24754	0.01554
1679.5	2.2475	0.01554
1680	2.24746	0.01553
1680.5	2.24742	0.01552
1681	2.24738	0.01552
1681.5	2.24734	0.01551
1682	2.2473	0.0155
1682.5	2.24726	0.0155
1683	2.24722	0.01549
1683.5	2.24718	0.01548
1684	2.24714	0.01548
1684.5	2.2471	0.01547
1685	2.24706	0.01547
1685.5	2.24702	0.01546
1686	2.24698	0.01545
1686.5	2.24694	0.01545
1687	2.2469	0.01544
1687.5	2.24686	0.01543
1688	2.24682	0.01543
1688.5	2.24678	0.01542
1689	2.24674	0.01541
1689.5	2.2467	0.01541
1690	2.24666	0.0154
1690.5	2.24662	0.01539
1691	2.24658	0.01539
1691.5	2.24654	0.01538
1692	2.2465	0.01537
1692.5	2.24646	0.01537
1693	2.24642	0.01536
1693.5	2.24638	0.01536
1694	2.24634	0.01535
1694.5	2.2463	0.01534
1695	2.24626	0.01534
1695.5	2.24622	0.01533
1696	2.24618	0.01532
1696.5	2.24614	0.01532
1697	2.2461	0.01531
1697.5	2.24606	0.0153
1698	2.24602	0.0153
1698.5	2.24598	0.01529
1699	2.24594	0.01528
1699.5	2.2459	0.01528
1700	2.24586	0.01527
1700.5	2.24582	0.01526
1701	2.24578	0.01526
1701.5	2.24574	0.01525
1702	2.2457	0.01525
1702.5	2.24566	0.01524
1703	2.24562	0.01523
1703.5	2.24558	0.01523
1704	2.24554	0.01522
1704.5	2.2455	0.01521
1705	2.24546	0.01521
1705.5	2.24542	0.0152
1706	2.24538	0.01519
1706.5	2.24534	0.01519
1707	2.2453	0.01518
1707.5	2.24526	0.01517
1708	2.24522	0.01517
1708.5	2.24518	0.01516
1709	2.24514	0.01515
1709.5	2.2451	0.01515
1710	2.24506	0.01514
1710.5	2.24502	0.01514
1711	2.24498	0.01513
1711.5	2.24494	0.01512
1712	2.2449	0.01512
1712.5	2.24486	0.01511
1713	2.24482	0.0151
1713.5	2.24478	0.0151
1714	2.24474	0.01509
1714.5	2.2447	0.01508
1715	2.24466	0.01508
1715.5	2.24462	0.01507
1716	2.24458	0.01506
1716.5	2.24454	0.01506
1717	2.2445	0.01505
1717.5	2.24446	0.01504
1718	2.24442	0.01504
1718.5	2.24438	0.01503
1719	2.24434	0.01503
1719.5	2.2443	0.01502
1720	2.24426	0.01501
1720.5	2.24422	0.01501
1721	2.24418	0.015
1721.5	2.24414	0.01499
1722	2.2441	0.01499
1722.5	2.24406	0.01498
1723	2.24402	0.01497
1723.5	2.24398	0.01497
1724	2.24394	0.01496
1724.5	2.2439	0.01495
1725	2.24386	0.01495
1725.5	2.24382	0.01494
1726	2.24378	0.01493
1726.5	2.24374	0.01493
1727	2.2437	0.01492
1727.5	2.24366	0.01492
1728	2.24362	0.01491
1728.5	2.24358	0.0149
1729	2.24354	0.0149
1729.5	2.2435	0.01489
1730	2.24346	0.01488
1730.5	2.24342	0.01488
1731	2.24338	0.01487
1731.5	2.24334	0.01486
1732	2.2433	0.01486
1732.5	2.24326	0.01485
1733	2.24322	0.01484
1733.5	2.24318	0.01484
1734	2.24314	0.01483
1734.5	2.2431	0.01482
1735	2.24306	0.01482
1735.5	2.24302	0.01481
1736	2.24298	0.01481
1736.5	2.24294	0.0148
1737	2.2429	0.01479
1737.5	2.24286	0.01479
1738	2.24282	0.01478
1738.5	2.24278	0.01477
1739	2.24274	0.01477
1739.5	2.2427	0.01476
1740	2.24266	0.01475
1740.5	2.24262	0.01475
1741	2.24258	0.01474
1741.5	2.24254	0.01473
1742	2.2425	0.01473
1742.5	2.24246	0.01472
1743	2.24242	0.01471
1743.5	2.24238	0.01471
1744	2.24234	0.0147
1744.5	2.2423	0.0147
1745	2.24226	0.01469
1745.5	2.24222	0.01468
1746	2.24218	0.01468
1746.5	2.24214	0.01467
1747	2.2421	0.01466
1747.5	2.24206	0.01466
1748	2.24202	0.01465
1748.5	2.24198	0.01464
1749	2.24194	0.01464
1749.5	2.2419	0.01463
1750	2.24186	0.01462
1750.5	2.24182	0.01462
1751	2.24178	0.01461
1751.5	2.24174	0.0146
1752	2.2417	0.0146
1752.5	2.24166	0.01459
1753	2.24162	0.01459
1753.5	2.24158	0.01458
1754	2.24154	0.01457
1754.5	2.2415	0.01457
1755	2.24146	0.01456
1755.5	2.24142	0.01455
1756	2.24138	0.01455
1756.5	2.24134	0.01454
1757	2.2413	0.01453
1757.5	2.24126	0.01453
1758	2.24122	0.01452
1758.5	2.24118	0.01451
1759	2.24114	0.01451
1759.5	2.2411	0.0145
1760	2.24106	0.0145
1760.5	2.24102	0.01449
1761	2.24098	0.01448
1761.5	2.24094	0.01448
1762	2.2409	0.01447
1762.5	2.24086	0.01446
1763	2.24082	0.01446
1763.5	2.24078	0.01445
1764	2.24074	0.01444
1764.5	2.2407	0.01444
1765	2.24066	0.01443
1765.5	2.24062	0.01442
1766	2.24058	0.01442
1766.5	2.24054	0.01441
1767	2.2405	0.0144
1767.5	2.24046	0.0144
1768	2.24042	0.01439
1768.5	2.24038	0.01439
1769	2.24034	0.01438
1769.5	2.2403	0.01437
1770	2.24026	0.01437
1770.5	2.24022	0.01436
1771	2.24018	0.01435
1771.5	2.24014	0.01435
1772	2.2401	0.01434
1772.5	2.24006	0.01433
1773	2.24002	0.01433
1773.5	2.23998	0.01432
1774	2.23994	0.01431
1774.5	2.2399	0.01431
1775	2.23986	0.0143
1775.5	2.23982	0.01429
1776	2.23978	0.01429
1776.5	2.23974	0.01428
1777	2.2397	0.01428
1777.5	2.23966	0.01427
1778	2.23962	0.01426
1778.5	2.23958	0.01426
1779	2.23954	0.01425
1779.5	2.2395	0.01424
1780	2.23946	0.01424
1780.5	2.23942	0.01423
1781	2.23938	0.01422
1781.5	2.23934	0.01422
1782	2.2393	0.01421
1782.5	2.23926	0.0142
1783	2.23922	0.0142
1783.5	2.23918	0.01419
1784	2.23914	0.01418
1784.5	2.2391	0.01418
1785	2.23906	0.01417
1785.5	2.23902	0.01417
1786	2.23898	0.01416
1786.5	2.23894	0.01415
1787	2.2389	0.01415
1787.5	2.23886	0.01414
1788	2.23882	0.01413
1788.5	2.23878	0.01413
1789	2.23874	0.01412
1789.5	2.2387	0.01411
1790	2.23866	0.01411
1790.5	2.23862	0.0141
1791	2.23858	0.01409
1791.5	2.23854	0.01409
1792	2.2385	0.01408
1792.5	2.23846	0.01407
1793	2.23842	0.01407
1793.5	2.23838	0.01406
1794	2.23834	0.01406
1794.5	2.2383	0.01405
1795	2.23826	0.01404
1795.5	2.23822	0.01404
1796	2.23818	0.01403
1796.5	2.23814	0.01402
1797	2.2381	0.01402
1797.5	2.23806	0.01401
1798	2.23802	0.014
1798.5	2.23798	0.014
1799	2.23794	0.01399
1799.5	2.2379	0.01398
1800	2.23786	0.01398
1800.5	2.23782	0.01397
1801	2.23778	0.01396
1801.5	2.23774	0.01396
1802	2.2377	0.01395
1802.5	2.23766	0.01395
1803	2.23762	0.01394
1803.5	2.23758	0.01393
1804	2.23754	0.01393
1804.5	2.2375	0.01392
1805	2.23746	0.01391
1805.5	2.23742	0.01391
1806	2.23738	0.0139
1806.5	2.23734	0.01389
1807	2.2373	0.01389
1807.5	2.23726	0.01388
1808	2.23722	0.01387
1808.5	2.23718	0.01387
1809	2.23714	0.01386
1809.5	2.2371	0.01385
1810	2.23706	0.01385
1810.5	2.23702	0.01384
1811	2.23698	0.01384
1811.5	2.23694	0.01383
1812	2.2369	0.01382
1812.5	2.23686	0.01382
1813	2.23682	0.01381
1813.5	2.23678	0.0138
1814	2.23674	0.0138
1814.5	2.2367	0.01379
1815	2.23666	0.01378
1815.5	2.23662	0.01378
1816	2.23658	0.01377
1816.5	2.23654	0.01376
1817	2.2365	0.01376
1817.5	2.23646	0.01375
1818	2.23642	0.01374
1818.5	2.23638	0.01374
1819	2.23634	0.01373
1819.5	2.2363	0.01373
1820	2.23626	0.01372
1820.5	2.23622	0.01371
1821	2.23618	0.01371
1821.5	2.23614	0.0137
1822	2.2361	0.01369
1822.5	2.23606	0.01369
1823	2.23602	0.01368
1823.5	2.23598	0.01367
1824	2.23594	0.01367
1824.5	2.2359	0.01366
1825	2.23586	0.01365
1825.5	2.23582	0.01365
1826	2.23578	0.01364
1826.5	2.23574	0.01363
1827	2.2357	0.01363
1827.5	2.23566	0.01362
1828	2.23562	0.01362
1828.5	2.23558	0.01361
1829	2.23554	0.0136
1829.5	2.2355	0.0136
1830	2.23546	0.01359
1830.5	2.23542	0.01358
1831	2.23538	0.01358
1831.5	2.23534	0.01357
1832	2.2353	0.01356
1832.5	2.23526	0.01356
1833	2.23522	0.01355
1833.5	2.23518	0.01354
1834	2.23514	0.01354
1834.5	2.2351	0.01353
1835	2.23506	0.01353
1835.5	2.23502	0.01352
1836	2.23498	0.01351
1836.5	2.23494	0.01351
1837	2.2349	0.0135
1837.5	2.23486	0.01349
1838	2.23482	0.01349
1838.5	2.23478	0.01348
1839	2.23474	0.01347
1839.5	2.2347	0.01347
1840	2.23466	0.01346
1840.5	2.23462	0.01345
1841	2.23458	0.01345
1841.5	2.23454	0.01344
1842	2.2345	0.01343
1842.5	2.23446	0.01343
1843	2.23442	0.01342
1843.5	2.23438	0.01342
1844	2.23434	0.01341
1844.5	2.2343	0.0134
1845	2.23426	0.0134
1845.5	2.23422	0.01339
1846	2.23418	0.01338
1846.5	2.23414	0.01338
1847	2.2341	0.01337
1847.5	2.23406	0.01336
1848	2.23402	0.01336
1848.5	2.23398	0.01335
1849	2.23394	0.01334
1849.5	2.2339	0.01334
1850	2.23386	0.01333
1850.5	2.23382	0.01332
1851	2.23378	0.01332
1851.5	2.23374	0.01331
1852	2.2337	0.01331
1852.5	2.23366	0.0133
1853	2.23362	0.01329
1853.5	2.23358	0.01329
1854	2.23354	0.01328
1854.5	2.2335	0.01327
1855	2.23346	0.01327
1855.5	2.23342	0.01326
1856	2.23338	0.01325
1856.5	2.23334	0.01325
1857	2.2333	0.01324
1857.5	2.23326	0.01323
1858	2.23322	0.01323
1858.5	2.23318	0.01322
1859	2.23314	0.01321
1859.5	2.2331	0.01321
1860	2.23306	0.0132
1860.5	2.23302	0.0132
1861	2.23298	0.01319
1861.5	2.23294	0.01318
1862	2.2329	0.01318
1862.5	2.23286	0.01317
1863	2.23282	0.01316
1863.5	2.23278	0.01316
1864	2.23274	0.01315
1864.5	2.2327	0.01314
1865	2.23266	0.01314
1865.5	2.23262	0.01313
1866	2.23258	0.01312
1866.5	2.23254	0.01312
1867	2.2325	0.01311
1867.5	2.23246	0.0131
1868	2.23242	0.0131
1868.5	2.23238	0.01309
1869	2.23234	0.01309
1869.5	2.2323	0.01308
1870	2.23226	0.01307
1870.5	2.23222	0.01307
1871	2.23218	0.01306
1871.5	2.23214	0.01305
1872	2.2321	0.01305
1872.5	2.23206	0.01304
1873	2.23202	0.01303
1873.5	2.23198	0.01303
1874	2.23194	0.01302
1874.5	2.2319	0.01301
1875	2.23186	0.01301
1875.5	2.23182	0.013
1876	2.23178	0.01299
1876.5	2.23174	0.01299
1877	2.2317	0.01298
1877.5	2.23166	0.01298
1878	2.23162	0.01297
1878.5	2.23158	0.01296
1879	2.23154	0.01296
1879.5	2.2315	0.01295
1880	2.23146	0.01294
1880.5	2.23142	0.01294
1881	2.23138	0.01293
1881.5	2.23134	0.01292
1882	2.2313	0.01292
1882.5	2.23126	0.01291
1883	2.23122	0.0129
1883.5	2.23118	0.0129
1884	2.23114	0.01289
1884.5	2.2311	0.01288
1885	2.23106	0.01288
1885.5	2.23102	0.01287
1886	2.23098	0.01287
1886.5	2.23094	0.01286
1887	2.2309	0.01285
1887.5	2.23086	0.01285
1888	2.23082	0.01284
1888.5	2.23078	0.01283
1889	2.23074	0.01283
1889.5	2.2307	0.01282
1890	2.23066	0.01281
1890.5	2.23062	0.01281
1891	2.23058	0.0128
1891.5	2.23054	0.01279
1892	2.2305	0.01279
1892.5	2.23046	0.01278
1893	2.23042	0.01277
1893.5	2.23038	0.01277
1894	2.23034	0.01276
1894.5	2.2303	0.01276
1895	2.23026	0.01275
1895.5	2.23022	0.01274
1896	2.23018	0.01274
1896.5	2.23014	0.01273
1897	2.2301	0.01272
1897.5	2.23006	0.01272
1898	2.23002	0.01271
1898.5	2.22998	0.0127
1899	2.22994	0.0127
1899.5	2.2299	0.01269
1900	2.22986	0.01268
1900.5	2.22982	0.01268
1901	2.22978	0.01267
1901.5	2.22974	0.01266
1902	2.2297	0.01266
1902.5	2.22966	0.01265
1903	2.22962	0.01265
1903.5	2.22958	0.01264
1904	2.22954	0.01263
1904.5	2.2295	0.01263
1905	2.22946	0.01262
1905.5	2.22942	0.01261
1906	2.22938	0.01261
1906.5	2.22934	0.0126
1907	2.2293	0.01259
1907.5	2.22926	0.01259
1908	2.22922	0.01258
1908.5	2.22918	0.01257
1909	2.22914	0.01257
1909.5	2.2291	0.01256
1910	2.22906	0.01256
1910.5	2.22902	0.01255
1911	2.22898	0.01254
1911.5	2.22894	0.01254
1912	2.2289	0.01253
1912.5	2.22886	0.01252
1913	2.22882	0.01252
1913.5	2.22878	0.01251
1914	2.22874	0.0125
1914.5	2.2287	0.0125
1915	2.22866	0.01249
1915.5	2.22862	0.01248
1916	2.22858	0.01248
1916.5	2.22854	0.01247
1917	2.2285	0.01246
1917.5	2.22846	0.01246
1918	2.22842	0.01245
1918.5	2.22838	0.01245
1919	2.22834	0.01244
1919.5	2.2283	0.01243
1920	2.22826	0.01243
1920.5	2.22822	0.01242
1921	2.22818	0.01241
1921.5	2.22814	0.01241
1922	2.2281	0.0124
1922.5	2.22806	0.01239
1923	2.22802	0.01239
1923.5	2.22798	0.01238
1924	2.22794	0.01237
1924.5	2.2279	0.01237
1925	2.22786	0.01236
1925.5	2.22782	0.01235
1926	2.22778	0.01235
1926.5	2.22774	0.01234
1927	2.2277	0.01234
1927.5	2.22766	0.01233
1928	2.22762	0.01232
1928.5	2.22758	0.01232
1929	2.22754	0.01231
1929.5	2.2275	0.0123
1930	2.22746	0.0123
1930.5	2.22742	0.01229
1931	2.22738	0.01228
1931.5	2.22734	0.01228
1932	2.2273	0.01227
1932.5	2.22726	0.01226
1933	2.22722	0.01226
1933.5	2.22718	0.01225
1934	2.22714	0.01224
1934.5	2.2271	0.01224
1935	2.22706	0.01223
1935.5	2.22702	0.01223
1936	2.22698	0.01222
1936.5	2.22694	0.01221
1937	2.2269	0.01221
1937.5	2.22686	0.0122
1938	2.22682	0.01219
1938.5	2.22678	0.01219
1939	2.22674	0.01218
1939.5	2.2267	0.01217
1940	2.22666	0.01217
1940.5	2.22662	0.01216
1941	2.22658	0.01215
1941.5	2.22654	0.01215
1942	2.2265	0.01214
1942.5	2.22646	0.01213
1943	2.22642	0.01213
1943.5	2.22638	0.01212
1944	2.22634	0.01212
1944.5	2.2263	0.01211
1945	2.22626	0.0121
1945.5	2.22622	0.0121
1946	2.22618	0.01209
1946.5	2.22614	0.01208
1947	2.2261	0.01208
1947.5	2.22606	0.01207
1948	2.22602	0.01206
1948.5	2.22598	0.01206
1949	2.22594	0.01205
1949.5	2.2259	0.01204
1950	2.22586	0.01204
1950.5	2.22582	0.01203
1951	2.22578	0.01202
1951.5	2.22574	0.01202
1952	2.2257	0.01201
1952.5	2.22566	0.01201
1953	2.22562	0.012
1953.5	2.22558	0.01199
1954	2.22554	0.01199
1954.5	2.2255	0.01198
1955	2.22546	0.01197
1955.5	2.22542	0.01197
1956	2.22538	0.01196
1956.5	2.22534	0.01195
1957	2.2253	0.01195
1957.5	2.22526	0.01194
1958	2.22522	0.01193
1958.5	2.22518	0.01193
1959	2.22514	0.01192
1959.5	2.2251	0.01191
1960	2.22506	0.01191
1960.5	2.22502	0.0119
1961	2.22498	0.0119
1961.5	2.22494	0.01189
1962	2.2249	0.01188
1962.5	2.22486	0.01188
1963	2.22482	0.01187
1963.5	2.22478	0.01186
1964	2.22474	0.01186
1964.5	2.2247	0.01185
1965	2.22466	0.01184
1965.5	2.22462	0.01184
1966	2.22458	0.01183
1966.5	2.22454	0.01182
1967	2.2245	0.01182
1967.5	2.22446	0.01181
1968	2.22442	0.0118
1968.5	2.22438	0.0118
1969	2.22434	0.01179
1969.5	2.2243	0.01179
1970	2.22426	0.01178
1970.5	2.22422	0.01177
1971	2.22418	0.01177
1971.5	2.22414	0.01176
1972	2.2241	0.01175
1972.5	2.22406	0.01175
1973	2.22402	0.01174
1973.5	2.22398	0.01173
1974	2.22394	0.01173
1974.5	2.2239	0.01172
1975	2.22386	0.01171
1975.5	2.22382	0.01171
1976	2.22378	0.0117
1976.5	2.22374	0.01169
1977	2.2237	0.01169
1977.5	2.22366	0.01168
1978	2.22362	0.01168
1978.5	2.22358	0.01167
1979	2.22354	0.01166
1979.5	2.2235	0.01166
1980	2.22346	0.01165
1980.5	2.22342	0.01164
1981	2.22338	0.01164
1981.5	2.22334	0.01163
1982	2.2233	0.01162
1982.5	2.22326	0.01162
1983	2.22322	0.01161
1983.5	2.22318	0.0116
1984	2.22314	0.0116
1984.5	2.2231	0.01159
1985	2.22306	0.01159
1985.5	2.22302	0.01158
1986	2.22298	0.01157
1986.5	2.22294	0.01157
1987	2.2229	0.01156
1987.5	2.22286	0.01155
1988	2.22282	0.01155
1988.5	2.22278	0.01154
1989	2.22274	0.01153
1989.5	2.2227	0.01153
1990	2.22266	0.01152
1990.5	2.22262	0.01151
1991	2.22258	0.01151
1991.5	2.22254	0.0115
1992	2.2225	0.01149
1992.5	2.22246	0.01149
1993	2.22242	0.01148
1993.5	2.22238	0.01148
1994	2.22234	0.01147
1994.5	2.2223	0.01146
1995	2.22226	0.01146
1995.5	2.22222	0.01145
1996	2.22218	0.01144
1996.5	2.22214	0.01144
1997	2.2221	0.01143
1997.5	2.22206	0.01142
1998	2.22202	0.01142
1998.5	2.22198	0.01141
1999	2.22194	0.0114
1999.5	2.2219	0.0114
2000	2.22186	0.01139